0.0043740973516556257583
0.0043740973516556258844
0.010995546215077851813
0.010995546215077851848
0.011197776487850081092
0.018306563103388413523
0.018306563103388413687
0.029576322793137380691
0.037359874463993147761
0.037359874463993147996
0.047227060779061605995
0.063356180109664584017
0.063356180109664584215
0.079378841213435711453
0.079378841213435712007
0.095442748560291922283
0.11732778393430706981
0.11732778393430706997
0.12970492710948967363
0.15135542346526064350
0.15135542346526064357
0.18224233526029199232
0.29097785324761605221
0.29097785324761605252
0.30899131433464432369
0.37392327826684409393
0.39492892060870845764
0.39492892060870845765
0.52822943431040091584
0.61409034101999347408
0.61409034101999347415
0.75384755659699768997
0.80065628469062346170
0.80065628469062346178
0.80089328381005198496
1.3956134502248842121
1.9272159835255295502
2.1304098745750085324
2.1304098745750085327
2.2623588346586941297
2.5057407355677230608
2.9765210070356088852
3.3535422310737084466
3.3535422310737084469
3.3910324700320243714
3.5772428437732089992
4.0699946798773017446
4.0699946798773017447
4.3799668875911968964
5.3111753784848464945
5.3111753784848464965
6.3752579403535408666
8.4757579813397957892
8.4757579813397957895
9.9708989763601574938
9.9708989763601574952
9.9747326396419946309
10.750743903593353286
10.816291213992858611
10.816291213992858612
14.833876891400130416
14.833876891400130420
20.899130218355758941
22.323167047337420512
22.610473853320698014
22.610473853320698025
35.319193889558946140
35.319193889558946146
54.877918027729634123
54.877918027729634137
65.647359292863189710
65.647359292863189714
