# Z A M_true(MeV) n Delta M_pred(MeV) err(%)
0 1 101.220728 1 3.274197 101.185774 0.034533
1 2 190.119602 5 0.024032 190.125561 0.003134
1 3 285.083101 1 9.222267 285.004933 0.027419
1 4 378.588887 2 3.061859 378.494824 0.024846
1 5 470.694675 2 3.808713 470.817877 0.026175
1 6 563.512422 3 1.140234 563.804875 0.051898
1 7 6546.066421 6 0.206881 6546.883171 0.012477
2 8 748.860141 2 6.048909 747.741879 0.149329
2 9 842.020754 2 6.811338 841.990318 0.003615
2 10 2.622441 -2 5.434451 2.624160 0.065569
3 11 96.617904 1 3.124703 96.565830 0.053896
3 12 188.733692 3 0.381825 188.798671 0.034429
3 13 280.539479 2 2.269131 280.500900 0.013752
4 14 375.292379 2 3.037336 375.463314 0.045547
4 15 468.998166 3 0.948245 468.872903 0.026709
4 16 560.453953 4 0.283299 560.323771 0.023228
5 17 658.502429 3 1.332136 658.693515 0.029018
5 18 750.413217 2 6.069596 750.299237 0.015189
5 19 842.225297 2 6.811338 841.990318 0.027900
5 20 4.196981 -1 2.173111 4.197364 0.009130
5 21 97.012768 1 3.141786 97.093758 0.083484
6 22 193.335318 2 1.563859 193.318033 0.008940
6 23 2877.293064 4 1.454379 2876.552941 0.025723
7 24 372.960924 2 3.017135 372.966181 0.001410
7 25 465.840201 3 0.941974 465.772088 0.014622
8 26 565.612678 3 1.143968 565.651208 0.006812
8 27 659.455907 2 5.336232 659.643600 0.028462
8 28 750.700412 2 6.076000 751.090852 0.052010
9 29 841.235118 2 6.811338 841.990318 0.089773
9 30 2.385556 -2 4.942057 2.386396 0.035195
9 31 94.102329 1 3.046618 94.152669 0.053495
10 32 195.352943 2 1.579565 195.259466 0.047850
10 33 288.318849 1 9.326942 288.239801 0.027417
10 34 378.864733 2 3.064351 378.802766 0.016356
11 35 466.318989 2 3.769773 466.004290 0.067486
11 36 567.539795 2 4.589437 567.327871 0.037341
11 37 658.605453 3 1.332136 658.693515 0.013371
11 38 751.210871 2 6.076000 751.090852 0.015977
11 39 843.116736 4 0.426283 843.125697 0.001063
12 40 2.975192 -2 6.160407 2.974707 0.016318
12 41 95.359846 1 3.085891 95.366384 0.006856
13 42 191.028948 3 0.386389 191.055384 0.013839
13 43 281.143550 1 9.100748 281.249513 0.037690
14 44 373.963211 3 0.756742 374.181751 0.058439
14 45 474.892460 4 0.240163 475.008794 0.024497
15 46 563.106815 2 4.554847 563.051917 0.009749
15 47 652.911230 2 5.280609 652.767701 0.021983
16 48 748.270144 2 6.048909 747.741879 0.070598
16 49 840.106148 2 6.796569 840.164625 0.006961
17 50 7.699730 0 0.996569 7.699490 0.003124
17 51 98.124520 1 3.174316 98.099069 0.025938
17 52 190.028523 3 0.384258 190.001545 0.014196
18 53 286.238823 3 0.579416 286.500277 0.091341
18 54 375.842966 1 12.163116 375.888948 0.012234
19 55 466.217456 2 3.769773 466.004290 0.045722
19 56 566.876571 3 1.146498 566.901744 0.004441
19 57 656.860765 3 1.328363 656.827472 0.005068
19 58 748.495566 2 6.048909 747.741879 0.100694
19 59 839.149503 3 1.697187 839.197697 0.005743
20 60 1.685073 -1 0.872417 1.685074 0.000090
20 61 93.529460 2 0.756742 93.545438 0.017083
21 62 193.609186 2 1.566458 193.639310 0.015559
21 63 283.203083 2 2.290032 283.084617 0.041831
22 64 371.117497 2 2.999556 370.793119 0.087406
22 65 470.956898 4 0.238115 470.956469 0.000091
23 66 552.596767 2 4.470404 552.613479 0.003024
23 67 650.302115 4 0.328825 650.368115 0.010149
24 68 738.820136 3 1.494062 738.759846 0.008160
24 69 838.029847 2 6.779626 838.070219 0.004817
24 70 925.853906 4 0.468101 925.836029 0.001931
25 71 85.844633 3 0.173642 85.859873 0.017753
25 72 184.444216 2 1.493104 184.571539 0.069031
25 73 272.747994 1 8.829102 272.854575 0.039077
26 74 370.567915 4 0.187371 370.592113 0.006530
26 75 460.362084 2 3.722631 460.176737 0.040261
26 76 557.621246 6 0.017609 557.242447 0.067931
27 77 648.766081 5 0.082016 648.866151 0.015425
27 78 739.189939 3 1.494062 738.759846 0.058184
28 79 838.129517 2 6.779626 838.070219 0.007075
28 80 926.884138 3 1.875517 927.375473 0.053009
28 81 86.374654 1 2.797513 86.454348 0.092266
28 82 184.894127 2 1.496684 185.014079 0.064876
29 83 277.687707 1 8.991014 277.858298 0.061433
29 84 368.192605 4 0.186153 368.184376 0.002235
30 85 459.276893 2 3.715942 459.349929 0.015902
30 86 557.464755 6 0.017609 557.242447 0.039878
31 87 651.120898 3 1.316803 651.111754 0.001404
31 88 741.434840 3 1.498941 741.172260 0.035415
32 89 833.249419 2 6.742164 833.439299 0.022788
32 90 930.968740 3 1.882123 930.641844 0.035113
33 91 84.594568 1 2.737631 84.603745 0.010847
33 92 183.863895 1 5.948408 183.829608 0.018648
34 93 275.848006 3 0.557772 275.798023 0.018120
34 94 363.739132 3 0.735844 363.848446 0.030053
34 95 463.232017 2 3.746636 463.144183 0.018961
35 96 557.946337 6 0.017609 557.242447 0.126157
35 97 645.990229 4 0.327157 647.069590 0.167086
35 98 745.090023 4 0.376729 745.115139 0.003371
36 99 837.204543 2 6.772480 837.186868 0.002111
36 100 924.968986 2 7.483202 925.043472 0.008053
36 101 92.514131 0 11.979947 92.557072 0.046415
37 102 176.991331 1 5.725771 176.949218 0.023794
37 103 274.232795 3 0.554817 274.336939 0.037976
37 104 363.777323 3 0.735844 363.848446 0.019551
38 105 464.816489 3 0.940182 464.886230 0.015004
38 106 552.540877 2 4.470404 552.613479 0.013140
38 107 651.740342 4 0.329741 652.180265 0.067500
39 108 736.360060 3 1.488734 736.125518 0.031852
39 109 833.809247 2 6.742164 833.439299 0.044368
40 110 926.533896 2 7.490815 925.984626 0.059282
40 111 84.614130 1 2.737631 84.603745 0.012274
40 112 181.823923 2 1.471126 181.854651 0.016900
40 113 271.738254 2 2.198654 271.788874 0.018628
41 114 365.582559 2 2.956707 365.496268 0.023604
41 115 462.811913 3 0.936270 462.952038 0.030277
41 116 552.295894 3 1.117116 552.373589 0.014068
42 117 644.301430 2 5.215915 644.770497 0.072802
42 118 740.769753 3 1.498941 741.172260 0.054336
42 119 830.394390 3 1.678639 830.026566 0.044295
43 120 924.438966 2 7.474198 923.930456 0.055007
43 121 89.553843 1 2.899998 89.621528 0.075580
43 122 178.623309 2 1.445561 178.694514 0.039863
44 123 270.843088 2 2.191417 270.894191 0.018868
44 124 366.952787 4 0.185570 367.029901 0.021015
44 125 465.322290 2 3.764252 465.321744 0.000117
45 126 549.641136 2 4.446111 549.610471 0.005579
45 127 646.260362 4 0.327157 647.069590 0.125217
45 128 736.484881 2 5.960129 736.767253 0.038341
46 129 837.724317 4 0.423493 837.607364 0.013961
46 130 926.709017 3 1.875517 927.375473 0.071916
46 131 86.039316 1 2.784808 86.061711 0.026029
47 132 179.843566 2 1.454379 179.784559 0.032810
47 133 278.312739 2 2.251505 278.322086 0.003358
48 134 370.397452 3 0.749156 370.430605 0.008951
48 135 460.871611 2 3.732837 461.438423 0.122987
49 136 555.186320 3 1.122634 555.101855 0.015214
49 137 644.160774 3 1.302054 643.818743 0.053097
50 138 736.945039 3 1.490306 736.902648 0.005752
50 139 836.294474 2 6.762813 835.991941 0.036175
50 140 924.948493 2 7.483202 925.043472 0.010269
51 141 90.869113 1 2.940341 90.868287 0.000909
51 142 180.633473 3 0.365264 180.609993 0.012999
52 143 276.177755 2 2.233897 276.145358 0.011731
52 144 364.322247 2 2.946506 364.235228 0.023885
52 145 463.681929 3 0.937379 463.500413 0.039147
53 146 551.301059 3 1.115069 551.361660 0.010992
53 147 648.790300 5 0.082016 648.866151 0.011691
54 148 743.805493 2 6.019819 744.145898 0.045765
54 149 833.289474 2 6.742164 833.439299 0.017980
54 150 930.448966 2 7.526042 930.339214 0.011796
55 151 86.814319 2 0.702683 86.862811 0.055858
55 152 185.113960 2 1.496684 185.014079 0.053956
56 153 270.923197 4 0.136967 270.900140 0.008510
56 154 367.622531 5 0.046508 367.943376 0.087276
57 155 465.076375 3 0.940182 464.886230 0.040885
57 156 553.790942 2 4.479933 553.791400 0.000083
57 157 650.920627 3 1.316181 650.804227 0.017882
58 158 736.600386 2 5.960129 736.767253 0.022654
58 159 834.949396 3 1.688773 835.037251 0.010522
59 160 923.239202 2 7.473872 923.890219 0.070515
59 161 88.604651 1 2.867464 88.616097 0.012918
60 162 184.548543 2 1.493104 184.571539 0.012460
60 163 273.313411 2 2.210711 273.279250 0.012499
61 164 371.497546 2 3.007291 371.749291 0.067765
61 165 459.021664 2 3.713528 459.051509 0.006502
62 166 555.706094 2 4.494269 555.563515 0.025657
62 167 644.660986 2 5.215915 644.770497 0.016987
62 168 741.500045 3 1.498941 741.172260 0.044206
63 169 830.629127 3 1.678639 830.026566 0.072543
63 170 928.578526 3 1.877699 928.454581 0.013348
64 171 84.884263 3 0.171726 84.912558 0.033334
64 172 181.273410 3 0.366649 181.294632 0.011707
65 173 270.883142 2 2.191417 270.894191 0.004079
65 174 368.572655 2 2.980098 368.387817 0.050150
66 175 456.962130 2 3.697083 457.018584 0.012354
66 176 553.231114 2 4.473304 552.971945 0.046847
67 177 643.710862 3 1.302054 643.818743 0.016759
67 178 741.010079 3 1.498941 741.172260 0.021887
68 179 830.209954 3 1.678639 830.026566 0.022089
68 180 926.259106 2 7.490815 925.984626 0.029633
69 181 85.654609 2 0.693217 85.692704 0.044476
69 182 182.753554 2 1.478091 182.715758 0.020682
70 183 272.393094 2 2.201623 272.155876 0.087087
70 184 367.942033 5 0.046508 367.943376 0.000365
70 185 465.211442 2 3.764252 465.321744 0.023710
71 186 556.521151 2 4.503349 556.685968 0.029615
71 187 642.906052 2 5.200321 642.842932 0.009818
71 188 740.004997 3 1.496684 740.056317 0.006935
72 189 829.824316 3 1.678429 829.922843 0.011873
72 190 925.323885 4 0.467891 925.421136 0.010510
73 191 85.259655 1 2.759608 85.282936 0.027306
73 192 181.828580 2 1.471126 181.854651 0.014338
73 193 277.268535 2 2.243175 277.292367 0.008595
73 194 364.782405 2 2.951827 364.893005 0.030319
74 195 463.637217 3 0.937379 463.500413 0.029507
74 196 558.786545 2 4.531453 560.160050 0.245801
74 197 646.490441 4 0.327157 647.069590 0.089584
75 198 737.519771 3 1.490306 736.902648 0.083675
75 199 832.929917 2 6.742164 833.439299 0.061155
76 200 922.259270 3 1.864704 922.029209 0.024945
76 201 87.624719 2 0.708651 87.600638 0.027481
76 202 183.083303 2 1.481332 183.116337 0.018043
76 203 272.177919 2 2.201623 272.155876 0.008099
77 204 372.342412 2 3.012633 372.409631 0.018053
77 205 460.146909 2 3.722631 460.176737 0.006482
78 206 549.656040 2 4.446111 549.610471 0.008290
78 207 647.906312 2 5.239740 647.715722 0.029416
78 208 744.695070 3 1.506283 744.802904 0.014480
79 209 836.114695 2 6.762813 835.991941 0.014682
79 210 2.679909 -1 1.387818 2.680571 0.024708
80 211 92.759114 1 2.999556 92.698280 0.065583
80 212 189.318724 2 1.531214 189.282546 0.019110
80 213 287.648173 2 2.326369 287.576396 0.024953
80 214 375.053059 1 12.132800 374.952056 0.026930
80 215 473.541794 4 0.239390 473.479915 0.013067
80 216 561.187005 2 4.537737 560.936906 0.044566
81 217 652.075680 4 0.329741 652.180265 0.016039
81 218 750.275651 2 6.069596 750.299237 0.003144
82 219 840.334364 2 6.796569 840.164625 0.020199
82 220 5.500473 -2 11.391350 5.500598 0.002282
83 221 98.719745 1 3.193067 98.678543 0.041737
83 222 187.303903 2 1.516816 187.502737 0.106156
83 223 283.743350 2 2.299176 284.214923 0.166197
83 224 381.722557 2 3.088237 381.755535 0.008639
84 225 472.382084 3 0.955616 472.517692 0.028707
84 226 559.185225 2 4.531453 560.160050 0.174330
84 227 657.066625 2 5.315226 657.046985 0.002989
85 228 749.815493 3 1.516816 750.010950 0.026067
85 229 845.974560 3 1.711359 846.205575 0.027308
86 230 4.909905 0 0.635865 4.912696 0.056846
86 231 102.439201 2 0.828654 102.434894 0.004204
87 232 195.111890 3 0.394594 195.112293 0.000207
87 233 281.793577 3 0.569869 281.779860 0.004868
88 234 372.953565 3 0.754251 372.949981 0.000961
88 235 470.302057 2 3.806107 470.495672 0.041168
89 236 563.542754 3 1.140234 563.804875 0.046513
89 237 659.491304 2 5.336232 659.643600 0.023093
90 238 751.145666 2 6.076000 751.090852 0.007297
90 239 838.954821 3 1.696225 838.722068 0.027743
91 240 1.120587 -3 9.283669 1.120713 0.011205
91 241 97.000207 1 3.136419 96.927898 0.074545
92 242 189.029030 1 6.115067 188.980021 0.025927
92 243 286.038552 1 9.249539 285.847744 0.066707
93 244 379.948061 2 3.072721 379.837526 0.029092
93 245 466.392577 2 3.769773 466.004290 0.083253
94 246 559.086646 2 4.531453 560.160050 0.191992
94 247 656.051296 2 5.306467 655.964214 0.013274
95 248 750.553236 2 6.069596 750.299237 0.033842
95 249 846.243762 3 1.711359 846.205575 0.004513
96 250 7.785000 -1 4.029782 7.783524 0.018961
96 251 95.277863 1 3.083293 95.286096 0.008641
96 252 190.835197 3 0.386389 191.055384 0.115381
97 253 285.856910 1 9.249539 285.847744 0.003207
97 254 373.156537 3 0.754462 373.054201 0.027424
98 255 466.721394 3 0.944113 466.829780 0.023223
98 256 562.102664 4 0.284183 562.073449 0.005197
99 257 657.615275 2 5.315226 657.046985 0.086417
99 258 754.063106 3 1.525790 754.448100 0.051056
100 259 848.214804 5 0.107293 848.843398 0.074108
100 260 11.931508 1 0.386389 11.940962 0.079232
101 261 107.893099 1 3.491352 107.896745 0.003379
101 262 204.131344 2 1.651887 204.199658 0.033466
102 263 289.428259 4 0.146449 289.655921 0.078660
102 264 384.459287 3 0.777320 384.356576 0.026716
103 265 480.830735 5 0.060786 480.900022 0.014410
103 266 577.408975 3 1.167859 577.464288 0.009580
104 267 663.025393 2 5.366548 663.391168 0.055168
104 268 758.206392 2 6.136376 758.554195 0.045872
105 269 855.028683 3 1.729954 855.399926 0.043419
105 270 10.618101 0 1.374648 10.620532 0.022894
106 271 105.987262 2 0.856934 105.930808 0.053265
106 272 201.039715 1 6.498958 200.843809 0.097446
106 273 297.589078 2 2.406469 297.478101 0.037292
107 274 385.265029 2 3.117065 385.319076 0.014029
107 275 480.432987 3 0.971638 480.440060 0.001472
107 276 576.752272 4 0.291598 576.738820 0.002332
107 277 662.736630 3 1.339508 662.338304 0.060103
107 278 759.156516 4 0.383892 759.282447 0.016588
108 279 854.435321 4 0.432092 854.615365 0.021072
108 280 18.010438 0 2.331640 18.014253 0.021177
109 281 105.825182 1 3.424344 105.825938 0.000715
109 282 202.029893 3 0.408674 202.074511 0.022085
110 283 297.553682 2 2.406469 297.478101 0.025401
110 284 383.018265 2 3.095756 382.684964 0.087020
111 285 480.437645 3 0.971638 480.440060 0.000503
111 286 576.367565 2 4.662395 576.346617 0.003635
112 287 663.061721 2 5.366548 663.391168 0.049686
112 288 757.771384 3 1.532533 757.782619 0.001483
113 289 855.541005 2 6.920946 855.539661 0.000157
113 290 10.646046 -1 5.508377 10.639431 0.062137
114 291 106.980235 1 3.461020 106.959366 0.019507
115 292 205.229575 2 1.660571 205.273089 0.021203
116 293 302.347150 4 0.152853 302.321186 0.008588
117 294 392.009978 3 0.792931 392.076056 0.016856
118 295 490.131704 2 3.960394 489.568036 0.115003
