# Z A M_true(MeV) n_oct Delta M_pred(MeV) err(%)
1 2 1876.123920 4 0.948245 1875.491612 0.033703
1 3 2809.432117 3 5.682586 2809.834036 0.014306
1 4 3750.597531 4 1.896492 3750.987108 0.010387
1 5 4690.362957 4 2.371892 4691.260335 0.019132
1 6 5630.840332 4 2.846703 5630.368718 0.008376
1 7 6569.594099 5 0.830392 6569.584322 0.000149
2 8 7483.562494 4 3.785361 7486.898604 0.044579
2 9 8424.382744 5 1.064824 8424.273793 0.001293
2 10 9364.138165 5 1.184305 9369.535828 0.057642
3 11 10287.163384 4 5.200321 10285.486913 0.016297
3 12 11226.938804 4 5.682586 11239.336143 0.110425
3 13 12166.404223 8 0.024032 12168.035936 0.013412
4 14 13080.871936 5 1.653545 13081.893865 0.007812
4 15 14022.237351 6 0.443029 14019.954819 0.016278
4 16 14961.352771 5 1.890935 14959.991572 0.009098
5 17 15879.116054 5 2.006934 15877.709722 0.008856
5 18 16818.686481 5 2.126315 16822.176848 0.020753
5 19 17758.158197 6 0.561022 17753.945522 0.023722
5 20 18699.283613 6 0.590696 18692.974177 0.033742
5 21 19639.759032 5 2.481880 19635.202687 0.023200
6 22 20546.481455 6 0.649909 20566.837990 0.099076
6 23 21488.534984 6 0.678777 21480.361955 0.038034
7 24 22402.796446 7 0.176890 22391.206383 0.051735
7 25 23343.335356 5 2.951827 23353.152345 0.042055
8 26 24253.507698 5 3.064351 24243.377047 0.041770
8 27 25195.010565 5 3.184836 25196.587167 0.006258
8 28 26133.914703 5 3.301130 26116.642891 0.066090
9 29 27053.479160 5 3.419718 27054.836891 0.005019
9 30 27993.783334 7 0.221069 27983.528084 0.036634
9 31 28933.159740 5 3.658211 28941.660407 0.029380
10 32 29844.810223 5 3.769773 29824.274565 0.068808
10 33 30785.435762 5 3.890670 30780.741501 0.015248
10 34 31723.641280 5 4.005972 31692.945192 0.096761
11 35 32640.125286 5 4.126620 32647.441393 0.022414
11 36 33579.690785 6 1.061535 33593.019695 0.039693
11 37 34518.416076 5 4.364593 34530.149442 0.033992
11 38 35458.681127 5 4.483436 35470.364874 0.032950
11 39 36398.246626 6 1.150000 36392.552077 0.015645
12 40 37309.313994 5 4.719746 37339.915331 0.082021
12 41 38249.358281 6 1.207946 38226.299780 0.060285
13 42 39164.742193 6 1.237538 39162.739976 0.005112
13 43 40102.516428 6 1.266921 40092.602550 0.024721
14 44 41015.050900 5 5.183379 41007.905651 0.017421
14 45 41954.324841 6 1.326388 41974.462027 0.047998
15 46 42871.568947 6 1.354791 42873.311376 0.004064
15 47 43809.032995 7 0.346137 43815.030295 0.013690
16 48 44724.106719 6 1.413605 44734.524347 0.023293
16 49 45663.602356 7 0.360763 45666.379208 0.006081
17 50 46582.404851 7 0.367862 46565.016721 0.037328
17 51 47520.489274 5 6.009226 47541.534473 0.044287
17 52 48460.052910 6 1.531214 48456.331901 0.007679
18 53 49375.978020 6 1.560220 49374.250376 0.003499
18 54 50313.241797 6 1.589881 50312.896593 0.000686
19 55 51232.646038 6 1.619364 51245.887186 0.025845
19 56 52171.649845 6 1.648191 52158.157127 0.025862
19 57 53109.293672 6 1.678429 53115.061961 0.010861
19 58 54048.588106 7 0.426900 54038.179603 0.019258
19 59 54986.901677 7 0.434471 54996.603684 0.017644
20 60 55900.646159 5 7.065524 55898.357032 0.004095
20 61 56840.150179 5 7.190743 56889.014588 0.085968
21 62 57759.944716 6 1.825223 57760.442855 0.000862
21 63 58697.198246 8 0.115872 58669.462150 0.047253
22 64 59614.142411 6 1.882123 59561.078020 0.089013
22 65 60552.326504 6 1.913434 60551.961724 0.000602
23 66 61472.311065 6 1.942501 61471.808752 0.000817
23 67 62408.361105 7 0.493037 62409.979999 0.002594
24 68 63325.908878 5 8.003917 63322.380518 0.005572
24 69 64263.463281 7 0.507502 64241.050729 0.034876
24 70 65198.946973 6 2.059983 65189.610910 0.014319
25 71 66119.461554 5 8.354014 66092.148858 0.041308
25 72 67056.405828 5 8.468016 66994.063069 0.092971
25 73 67992.369240 5 8.589423 67954.565132 0.055601
26 74 68909.903971 5 8.713800 68938.567416 0.041596
26 75 69847.357773 5 8.829102 69850.771107 0.004887
26 76 70782.961627 7 0.559304 70798.311600 0.021686
27 77 71703.136214 7 0.566320 71686.361982 0.023394
27 78 72641.219705 6 2.299176 72759.020316 0.162168
28 79 73559.874093 5 9.296625 73549.544668 0.014042
28 80 74496.288347 6 2.354444 74508.011383 0.015736
28 81 75434.932598 6 2.384177 75448.941881 0.018571
28 82 76371.796764 6 2.410929 76295.529693 0.099863
29 83 77293.620095 6 2.442764 77302.954539 0.012077
29 84 78231.784627 6 2.469913 78162.114014 0.089057
30 85 79151.898666 7 0.625492 79176.564932 0.031163
30 86 80088.431220 7 0.632732 80092.997326 0.005701
31 87 81011.117114 6 2.558066 80951.769300 0.073259
31 88 81949.090689 6 2.591064 81996.014578 0.057260
32 89 82869.935020 6 2.618857 82875.551793 0.006778
32 90 83805.999032 6 2.648704 83820.091198 0.016815
33 91 84729.463655 6 2.677550 84732.934179 0.004096
33 92 85667.077674 6 2.707315 85674.857023 0.009081
34 93 86588.091536 6 2.736269 86591.126347 0.003505
34 94 87523.642295 7 0.691171 87490.385350 0.037998
34 95 88461.479873 6 2.797513 88529.252758 0.076613
35 96 89385.223944 6 2.819629 89229.136154 0.174624
35 97 90320.927469 6 2.852278 90262.318350 0.064890
35 98 91258.371955 6 2.883261 91242.815557 0.017047
36 99 92179.516227 6 2.912425 92165.723166 0.014963
36 100 93114.940303 7 0.735844 93145.202236 0.032500
36 101 94052.324242 6 2.971195 94025.547841 0.028470
37 102 94975.146135 6 2.999556 94923.038450 0.054865
37 103 95910.732291 6 3.031393 95930.555607 0.020669
37 104 96847.936452 6 3.061859 96894.674868 0.048260
38 105 97768.690427 6 3.088237 97729.416968 0.040170
38 106 98704.074449 6 3.117065 98641.683522 0.063210
38 107 99641.618606 7 0.787046 99626.423816 0.015249
39 108 100564.583017 6 3.174316 100453.446328 0.110513
39 109 101500.376896 5 12.827047 101480.206433 0.019872
40 110 102422.131296 6 3.240005 102532.225009 0.107490
40 111 103359.365265 8 0.204083 103333.419759 0.025102
40 112 104294.919750 6 3.295628 104292.455203 0.002363
40 113 105232.493715 7 0.831218 105217.830196 0.013934
41 114 106155.367771 6 3.355179 106176.987033 0.020366
41 115 107090.941817 6 3.384039 107090.280174 0.000618
41 116 108028.085431 8 0.213332 108016.863273 0.010388
42 117 108949.120718 6 3.440032 108862.214023 0.079768
42 118 109883.933734 6 3.472464 109888.549387 0.004200
42 119 110821.218004 7 0.875679 110845.870394 0.022245
43 120 111744.292331 6 3.530884 111737.291770 0.006265
43 121 112679.246003 6 3.560929 112688.081770 0.007842
43 122 113615.975102 6 3.588122 113548.618909 0.059284
44 123 114537.224632 6 3.621715 114611.681857 0.065007
44 124 115471.679023 6 3.649188 115481.097987 0.008157
44 125 116408.393218 6 3.678087 116395.629045 0.010965
45 126 117331.056756 6 3.706288 117288.078273 0.036630
45 127 118266.020674 7 0.934386 118277.134628 0.009397
45 128 119203.904826 7 0.941545 119183.365969 0.017230
46 129 120124.859073 7 0.948245 120031.463153 0.077749
46 130 121061.503406 6 3.828466 121154.480644 0.076802
46 131 121999.987440 7 0.964043 122031.301646 0.025667
47 132 122922.821442 6 3.884453 122926.231328 0.002774
47 133 123859.635307 7 0.978501 123861.384145 0.001412
48 134 124780.749771 6 3.943451 124793.249100 0.010017
48 135 125718.883563 8 0.248318 125731.214523 0.009808
49 136 126642.228024 7 1.000537 126650.779461 0.006752
49 137 127578.862111 6 4.032462 127610.076141 0.024466
50 138 128500.676127 8 0.253743 128477.893340 0.017730
50 139 129438.370254 7 1.023111 129508.237582 0.053977
50 140 130374.683907 7 1.030093 130392.027440 0.013303
51 141 131301.128380 6 4.147426 131248.196809 0.040313
51 142 132238.552373 7 1.045705 132368.313434 0.098126
52 143 133163.126406 10 0.016445 133229.785735 0.050058
52 144 134098.930532 6 4.240543 134194.919874 0.071581
52 145 135036.634905 7 1.066769 135034.545981 0.001547
53 146 135962.598727 9 0.067116 135931.935261 0.022553
53 147 136898.432661 6 4.328155 136967.491422 0.050445
54 148 137822.477605 6 4.354568 137803.331468 0.013892
54 149 138759.621219 8 0.274118 138794.464667 0.025111
54 150 139695.125404 6 4.415430 139729.347420 0.024498
55 151 140621.329551 6 4.442988 140601.440301 0.014144
55 152 141557.973884 6 4.473304 141560.817803 0.002009
56 153 142482.127813 6 4.503349 142511.607803 0.020690
56 154 143417.171840 8 0.283225 143405.742829 0.007969
57 155 144343.655435 7 1.140234 144334.048056 0.006656
57 156 145280.029635 6 4.589437 145235.935044 0.030351
57 157 146215.504012 6 4.619878 146199.241897 0.011122
58 158 147139.528463 6 4.649236 147128.303139 0.007629
58 159 148076.222166 6 4.677706 148029.253034 0.031720
59 160 149002.856663 7 1.177193 149012.356866 0.006376
59 161 149938.060907 7 1.184305 149912.573245 0.016999
60 162 150863.034551 6 4.765173 150797.205987 0.043635
60 163 151799.459051 8 0.299895 151845.961853 0.030634
61 164 152726.672938 9 0.075410 152730.677791 0.002622
61 165 153661.856689 6 4.853638 153596.738370 0.042378
62 166 154587.570870 6 4.883464 154540.615873 0.030374
62 167 155524.185396 6 4.914423 155520.338457 0.002474
62 168 156459.369146 6 4.944027 156457.171407 0.001405
63 169 157386.842920 6 4.972374 157354.224705 0.020725
63 170 158323.137012 6 5.004151 158359.827708 0.023175
64 171 159249.281544 6 5.032859 159268.341558 0.011969
64 172 160184.015382 6 5.064000 160253.791981 0.043560
65 173 161111.969807 7 1.271618 160964.940549 0.091259
65 174 162048.004012 6 5.120655 162046.706514 0.000801
66 175 162974.738180 7 1.287675 162997.499552 0.013966
66 176 163909.351856 6 5.180402 163937.429888 0.017130
67 177 164838.176296 7 1.302054 164817.598213 0.012484
67 178 165773.820205 6 5.239740 165815.224729 0.024977
68 179 166701.364772 7 1.316803 166684.608960 0.010051
68 180 167635.758616 7 1.324351 167640.018092 0.002541
69 181 168564.992913 7 1.331247 168512.889426 0.030910
69 182 169500.436551 6 5.355612 169482.066113 0.010838
70 183 170428.420783 6 5.387220 170482.315234 0.031623
70 184 171362.314415 9 0.084610 171363.499544 0.000692
70 185 172297.928516 6 5.440135 172156.853409 0.081879
71 186 173227.582917 7 1.368812 173268.058290 0.023365
71 187 174161.627450 6 5.508377 174316.437698 0.088889
71 188 175097.071088 7 1.382646 175019.207055 0.044469
72 189 176025.235099 7 1.389667 175907.858959 0.066681
72 190 176959.079361 6 5.592988 176993.992378 0.019729
73 191 177888.853925 6 5.619740 177840.580190 0.027137
73 192 178823.767542 6 5.650056 178799.957692 0.013315
73 193 179757.552189 6 5.682586 179829.378290 0.039957
73 194 180692.725693 8 0.356738 180627.743631 0.035963
74 195 181620.610256 7 1.434425 181573.460319 0.025961
74 196 182554.104276 7 1.442226 182561.038693 0.003799
74 197 183489.467805 6 5.797709 183472.528821 0.009232
75 198 184418.841827 6 5.825108 184339.595859 0.042971
75 199 185352.596665 7 1.464400 185367.791548 0.008198
76 200 186280.270710 8 0.367862 186260.066883 0.010846
76 201 187215.474954 7 1.479741 187309.745252 0.050354
76 202 188149.278230 8 0.371618 188161.975744 0.006749
76 203 189086.032480 7 1.494062 189122.520593 0.019297
77 204 190015.226723 8 0.375081 189915.292114 0.052593
77 205 190950.690854 6 6.031539 190872.248150 0.041080
78 206 191878.544677 7 1.516816 192002.803108 0.064759
78 207 192815.139641 7 1.523226 192814.215336 0.000479
78 208 193750.273091 7 1.531214 193825.327602 0.038738
79 209 194680.037409 10 0.024032 194688.574974 0.004385
79 210 195616.441417 8 0.386389 195640.713460 0.012408
80 211 196544.865315 6 6.210948 196549.773957 0.002497
80 212 197479.769617 7 1.560220 197497.001506 0.008726
80 213 198416.443758 6 6.271037 198451.315127 0.017575
80 214 199351.508277 7 1.574706 199330.651740 0.010462
80 215 200288.341704 7 1.582415 200306.549182 0.009091
80 216 201223.646549 7 1.589771 201237.658976 0.006964
81 217 202152.879915 7 1.596775 202124.163276 0.014205
81 218 203089.424578 6 6.413364 202955.363114 0.066011
82 219 204017.827983 6 6.446701 204010.350745 0.003665
82 220 204952.832887 7 1.619364 204983.548746 0.014987
83 221 205884.396852 6 6.498958 205664.060356 0.107020
83 222 206820.640642 8 0.408674 206924.299281 0.050120
83 223 207755.424782 6 6.566217 207792.502084 0.017847
83 224 208691.748681 7 1.649090 208746.403899 0.026189
84 225 209620.752900 6 6.624423 209634.467857 0.006543
84 226 210555.215674 6 6.646415 210330.429276 0.106759
84 227 211491.441767 6 6.681267 211433.329219 0.027477
85 228 212422.535327 7 1.678429 212460.247845 0.017754
85 229 213357.039086 6 6.742164 213360.460617 0.001604
86 230 214285.813226 7 1.693107 214318.141341 0.015086
86 231 215221.687214 6 6.796569 215082.143980 0.064837
87 232 216152.704587 8 0.426900 216152.718414 0.000006
87 233 217087.045913 9 0.107293 217303.909847 0.099897
88 234 218016.550595 7 1.721432 217903.706926 0.051759
88 235 218952.243780 7 1.729954 218982.381107 0.013764
89 236 219883.829169 7 1.737231 219903.545418 0.008967
89 237 220818.122411 6 6.981161 220923.701834 0.047813
90 238 221748.121465 6 7.009157 221809.641575 0.027743
90 239 222683.590253 7 1.758663 222616.436506 0.030157
91 240 223615.594814 6 7.065524 223593.428129 0.009913
91 241 224549.819126 6 7.096813 224583.584330 0.015037
92 242 225480.192641 6 7.124451 225458.201589 0.009753
92 243 226415.546855 6 7.156354 226467.818216 0.023086
93 244 227347.801057 6 7.190743 227556.058353 0.091603
93 245 228281.905205 6 7.214775 228316.560599 0.015181
94 246 229212.943966 7 1.811084 229252.000474 0.017039
94 247 230148.253310 6 7.272759 230151.522959 0.001421
95 248 231081.099941 6 7.302241 231084.513552 0.001477
95 249 232015.135160 6 7.331331 232005.084760 0.004332
96 250 232946.515191 7 1.841128 233055.160472 0.046640
96 251 233881.667681 7 1.846651 233754.227821 0.054489
96 252 234815.569714 9 0.115872 234677.848598 0.058651
97 253 235748.936120 9 0.116405 235757.103541 0.003464
97 254 236683.895380 6 7.483202 236811.128921 0.053757
98 255 237615.804929 7 1.877699 237684.372757 0.028857
98 256 238549.530891 6 7.543363 238714.970512 0.069352
99 257 239483.388194 7 1.891897 239481.626137 0.000736
99 258 240418.180717 7 1.899548 240450.130005 0.013289
100 259 241350.677108 6 7.625379 241310.435118 0.016674
100 260 242284.232606 7 1.913434 242207.846898 0.031527
101 261 243218.538889 7 1.920857 243147.460903 0.029224
101 262 244153.121826 6 7.717005 244210.002393 0.023297
102 263 245086.078375 7 1.936133 245081.074828 0.002042
102 264 246019.454095 6 7.774360 246025.039579 0.002270
103 265 246954.170236 7 1.951288 246999.406793 0.018318
103 266 247889.093168 6 7.834449 247926.580749 0.015123
104 267 248822.369218 6 7.860929 248764.556785 0.023234
104 268 249755.894909 8 0.493242 249743.609524 0.004919
105 269 250691.061893 8 0.494864 250565.204704 0.050204
105 270 251625.805047 7 1.987973 251643.206857 0.006916
106 271 252559.518900 7 1.995655 252615.529727 0.022177
106 272 253492.916045 7 2.003249 253576.820782 0.033099
106 273 254427.810101 7 2.010020 254433.938002 0.002409
107 274 255363.145685 7 2.017424 255371.207188 0.003157
107 275 256296.658335 7 2.024558 256274.151680 0.008781
107 276 257231.322312 8 0.508103 257268.360081 0.014399
107 277 258164.966302 8 0.509882 258169.084184 0.001595
107 278 259099.730881 7 2.046959 259109.821486 0.003894
108 279 260033.354379 8 0.513310 259905.015168 0.049355
108 280 260966.768290 6 8.247688 261003.825885 0.014200
109 281 261902.242667 6 8.276310 261909.580293 0.002802
109 282 262836.792070 7 2.076362 262831.740653 0.001922
110 283 263770.660551 7 2.083561 263743.007584 0.010484
110 284 264703.784768 7 2.091591 264759.440124 0.021026
111 285 265639.548840 7 2.098027 265574.078314 0.024646
111 286 266573.823452 6 8.423384 266563.847615 0.003742
112 287 267508.177241 7 2.113023 267472.281211 0.013419
112 288 268441.231596 7 2.122286 268644.874881 0.075861
113 289 269377.345909 8 0.531932 269333.605733 0.016238
113 290 270311.604686 7 2.135882 270365.889476 0.020082
114 291 271246.283567 7 2.143066 271275.285892 0.010692
115 292 272182.877600 7 2.150422 272206.395687 0.008641
116 293 273118.339867 8 0.539424 273127.099364 0.003207
117 294 274055.662328 9 0.135302 274030.321705 0.009247
118 295 274992.128746 7 2.171881 274922.703370 0.025246
