# Z A Symbole M_exp(MeV) m_oct Delta M_pred(MeV) err(%) epsilon_signature epsilon_vector
# ----------------------------------------------------------------------------------------------------
  1   2    H-2     1876.124  4   0.948245     1875.492   0.0337 -2 +4                                    | 0 0 -1 0 1 0 0 0 0 0 0 0 0 0 0
  1   3    H-3     2809.432  3   5.682586     2809.834   0.0143 +5 +7 +8 +12 -13                         | 0 0 0 0 0 1 0 1 1 0 0 0 1 -1 0
  1   4    H-4     3750.598  4   1.896492     3750.987   0.0104 -2 -6 -8 +9 +11                          | 0 0 -1 0 0 0 -1 0 -1 1 0 1 0 0 0
  1   5    H-5     4690.363  4   2.371892     4691.260   0.0191 -1 +3 +6 -8 -9 +12                       | 0 -1 0 1 0 0 1 0 -1 -1 0 0 1 0 0
  1   6    H-6     5630.840  4   2.846703     5630.369   0.0084 -5 +12                                   | 0 0 0 0 0 -1 0 0 0 0 0 0 1 0 0
  1   7    H-7     6569.594  5   0.830392     6569.584   0.0001 -1 -2 +3 -5 +9                           | 0 -1 -1 1 0 -1 0 0 0 1 0 0 0 0 0
  2   8   He-8     7483.562  4   3.785361     7486.899   0.0446 -0 +11                                   | -1 0 0 0 0 0 0 0 0 0 0 1 0 0 0
  2   9   He-9     8424.383  5   1.064824     8424.274   0.0013 +5 +7 -9 +12 -13                         | 0 0 0 0 0 1 0 1 0 -1 0 0 1 -1 0
  2  10  He-10     9364.138  5   1.184305     9369.536   0.0576 -2 -5 -6 +7 +10                          | 0 0 -1 0 0 -1 -1 1 0 0 1 0 0 0 0
  3  11  Li-11    10287.163  4   5.200321    10285.487   0.0163 -3 -5 +6 +10 -13 +14                     | 0 0 0 -1 0 -1 1 0 0 0 1 0 0 -1 1
  3  12  Li-12    11226.939  4   5.682586    11239.336   0.1104 +5 +7 +8 +12 -13                         | 0 0 0 0 0 1 0 1 1 0 0 0 1 -1 0
  3  13  Li-13    12166.404  8   0.024032    12168.036   0.0134 -0 +4 -5 -9 -12 +14                      | -1 0 0 0 1 -1 0 0 0 -1 0 0 -1 0 1
  4  14  Be-14    13080.872  5   1.653545    13081.894   0.0078 -0 -1 +2 -10 +13                         | -1 -1 1 0 0 0 0 0 0 0 -1 0 0 1 0
  4  15  Be-15    14022.237  6   0.443029    14019.955   0.0163 -0 +1 -5 +9 +10 -11                      | -1 1 0 0 0 -1 0 0 0 1 1 -1 0 0 0
  4  16  Be-16    14961.353  5   1.890935    14959.992   0.0091 -0 -2 -8 -9 +10 +11                      | -1 0 -1 0 0 0 0 0 -1 -1 1 1 0 0 0
  5  17   B-17    15879.116  5   2.006934    15877.710   0.0089 +1 +5                                    | 0 1 0 0 0 1 0 0 0 0 0 0 0 0 0
  5  18   B-18    16818.686  5   2.126315    16822.177   0.0208 -5 +11                                   | 0 0 0 0 0 -1 0 0 0 0 0 1 0 0 0
  5  19   B-19    17758.158  6   0.561022    17753.946   0.0237 +1 -8 +9 +12 -13                         | 0 1 0 0 0 0 0 0 -1 1 0 0 1 -1 0
  5  20   B-20    18699.284  6   0.590696    18692.974   0.0337 -0 +3 -4 -10 +12                         | -1 0 0 1 -1 0 0 0 0 0 -1 0 1 0 0
  5  21   B-21    19639.759  5   2.481880    19635.203   0.0232 -0 +1 +3 +4 +5 -6                        | -1 1 0 1 1 1 -1 0 0 0 0 0 0 0 0
  6  22   C-22    20546.481  6   0.649909    20566.838   0.0991 -3 +6 +8 -10 -11 +13                     | 0 0 0 -1 0 0 1 0 1 0 -1 -1 0 1 0
  6  23   C-23    21488.535  6   0.678777    21480.362   0.0380 +6 +8 -9 +11 -12                         | 0 0 0 0 0 0 1 0 1 -1 0 1 -1 0 0
  7  24   N-24    22402.796  7   0.176890    22391.206   0.0517 +0 +2 +5 -7 +12 -13                      | 1 0 1 0 0 1 0 -1 0 0 0 0 1 -1 0
  7  25   N-25    23343.335  5   2.951827    23353.152   0.0421 +0 +3 +7                                 | 1 0 0 1 0 0 0 1 0 0 0 0 0 0 0
  8  26   O-26    24253.508  5   3.064351    24243.377   0.0418 -0 +2 +6 -8 -12 +14                      | -1 0 1 0 0 0 1 0 -1 0 0 0 -1 0 1
  8  27   O-27    25195.011  5   3.184836    25196.587   0.0063 -1 -2 -8 +10 -12 +14                     | 0 -1 -1 0 0 0 0 0 -1 0 1 0 -1 0 1
  8  28   O-28    26133.915  5   3.301130    26116.643   0.0661 -2 -4 +9 -12 +14                         | 0 0 -1 0 -1 0 0 0 0 1 0 0 -1 0 1
  9  29   F-29    27053.479  5   3.419718    27054.837   0.0050 +2 -6 +7 +9 -12 +13                      | 0 0 1 0 0 0 -1 1 0 1 0 0 -1 1 0
  9  30   F-30    27993.783  7   0.221069    27983.528   0.0366 -4 +5                                    | 0 0 0 0 -1 1 0 0 0 0 0 0 0 0 0
  9  31   F-31    28933.160  5   3.658211    28941.660   0.0294 -3 +4 -6 +7 -12 +14                      | 0 0 0 -1 1 0 -1 1 0 0 0 0 -1 0 1
 10  32  Ne-32    29844.810  5   3.769773    29824.275   0.0688 +0 -3 +12                                | 1 0 0 -1 0 0 0 0 0 0 0 0 1 0 0
 10  33  Ne-33    30785.436  5   3.890670    30780.742   0.0152 +0 +1 +2 +5 -7 +10                       | 1 1 1 0 0 1 0 -1 0 0 1 0 0 0 0
 10  34  Ne-34    31723.641  5   4.005972    31692.945   0.0968 +2 -5 +6 +7 -9 +11                       | 0 0 1 0 0 -1 1 1 0 -1 0 1 0 0 0
 11  35  Na-35    32640.125  5   4.126620    32647.441   0.0224 -1 +3 +4 -8 -10 +14                      | 0 -1 0 1 1 0 0 0 -1 0 -1 0 0 0 1
 11  36  Na-36    33579.691  6   1.061535    33593.020   0.0397 +1 +4 +5 -7 +8 -9                        | 0 1 0 0 1 1 0 -1 1 -1 0 0 0 0 0
 11  37  Na-37    34518.416  5   4.364593    34530.149   0.0340 +0 +2 +5 +7                              | 1 0 1 0 0 1 0 1 0 0 0 0 0 0 0
 11  38  Na-38    35458.681  5   4.483436    35470.365   0.0330 -1 +4 -5 -6 +8 +13                       | 0 -1 0 0 1 -1 -1 0 1 0 0 0 0 1 0
 11  39  Na-39    36398.247  6   1.150000    36392.552   0.0156 +1 +3                                    | 0 1 0 1 0 0 0 0 0 0 0 0 0 0 0
 12  40  Mg-40    37309.314  5   4.719746    37339.915   0.0820 +3 +11                                   | 0 0 0 1 0 0 0 0 0 0 0 1 0 0 0
 12  41  Mg-41    38249.358  6   1.207946    38226.300   0.0603 -0 +7 +8 +12 -14                         | -1 0 0 0 0 0 0 1 1 0 0 0 1 0 -1
 13  42  Al-42    39164.742  6   1.237538    39162.740   0.0051 +0 +1 +4 +7 +8 -13                       | 1 1 0 0 1 0 0 1 1 0 0 0 0 -1 0
 13  43  Al-43    40102.516  6   1.266921    40092.603   0.0247 +0 +2 +6 +8 -10                          | 1 0 1 0 0 0 1 0 1 0 -1 0 0 0 0
 14  44  Si-44    41015.051  5   5.183379    41007.906   0.0174 -0 +4 +5 -6 +11                          | -1 0 0 0 1 1 -1 0 0 0 0 1 0 0 0
 14  45  Si-45    41954.325  6   1.326388    41974.462   0.0480 +0 +2 +4 +5 -9                           | 1 0 1 0 1 1 0 0 0 -1 0 0 0 0 0
 15  46   P-46    42871.569  6   1.354791    42873.311   0.0041 +1 +3 -6 -8 -10 +14                      | 0 1 0 1 0 0 -1 0 -1 0 -1 0 0 0 1
 15  47   P-47    43809.033  7   0.346137    43815.030   0.0137 +3 -4 -6 +8 -11 +12                      | 0 0 0 1 -1 0 -1 0 1 0 0 -1 1 0 0
 16  48   S-48    44724.107  6   1.413605    44734.524   0.0233 -1 -2 +8 -9 -13 +14                      | 0 -1 -1 0 0 0 0 0 1 -1 0 0 0 -1 1
 16  49   S-49    45663.602  7   0.360763    45666.379   0.0061 +3 +7 -9                                 | 0 0 0 1 0 0 0 1 0 -1 0 0 0 0 0
 17  50  Cl-50    46582.405  7   0.367862    46565.017   0.0373 +1 +2 -3 +5 +9 -11                       | 0 1 1 -1 0 1 0 0 0 1 0 -1 0 0 0
 17  51  Cl-51    47520.489  5   6.009226    47541.534   0.0443 -0 +2 +3 -5 +9 +11                       | -1 0 1 1 0 -1 0 0 0 1 0 1 0 0 0
 17  52  Cl-52    48460.053  6   1.531214    48456.332   0.0077 +2 -4 +5 -9 +10                          | 0 0 1 0 -1 1 0 0 0 -1 1 0 0 0 0
 18  53  Ar-53    49375.978  6   1.560220    49374.250   0.0035 -4 +5 -8 +10 -12 +13                     | 0 0 0 0 -1 1 0 0 -1 0 1 0 -1 1 0
 18  54  Ar-54    50313.242  6   1.589881    50312.897   0.0007 +1 -6 -7 -8 +9 +13                       | 0 1 0 0 0 0 -1 -1 -1 1 0 0 0 1 0
 19  55   K-55    51232.646  6   1.619364    51245.887   0.0258 -6 -7 -8 -12 +13 +14                     | 0 0 0 0 0 0 -1 -1 -1 0 0 0 -1 1 1
 19  56   K-56    52171.650  6   1.648191    52158.157   0.0259 -1 +5 -6 -8 -10 +14                      | 0 -1 0 0 0 1 -1 0 -1 0 -1 0 0 0 1
 19  57   K-57    53109.294  6   1.678429    53115.062   0.0109 +0 -1 -4 +9 -11 +13                      | 1 -1 0 0 -1 0 0 0 0 1 0 -1 0 1 0
 19  58   K-58    54048.588  7   0.426900    54038.180   0.0193 +0 +3 +7 -9                              | 1 0 0 1 0 0 0 1 0 -1 0 0 0 0 0
 19  59   K-59    54986.902  7   0.434471    54996.604   0.0176 -0 +3 +5 -8                              | -1 0 0 1 0 1 0 0 -1 0 0 0 0 0 0
 20  60  Ca-60    55900.646  5   7.065524    55898.357   0.0041 -0 -2 +3 +4 -8 +14                       | -1 0 -1 1 1 0 0 0 -1 0 0 0 0 0 1
 20  61  Ca-61    56840.150  5   7.190743    56889.015   0.0860 -0 -1 +2 -3 +10 +12                      | -1 -1 1 -1 0 0 0 0 0 0 1 0 1 0 0
 21  62  Sc-62    57759.945  6   1.825223    57760.443   0.0009 +0 +2 -4 -7 +13                          | 1 0 1 0 -1 0 0 -1 0 0 0 0 0 1 0
 21  63  Sc-63    58697.198  8   0.115872    58669.462   0.0473 +4 -6 +10 +12 -14                        | 0 0 0 0 1 0 -1 0 0 0 1 0 1 0 -1
 22  64  Ti-64    59614.142  6   1.882123    59561.078   0.0890 +1 -5 -6 -8 +9 +13                       | 0 1 0 0 0 -1 -1 0 -1 1 0 0 0 1 0
 22  65  Ti-65    60552.327  6   1.913434    60551.962   0.0006 -0 -1 -2 -5 +7 +9                        | -1 -1 -1 0 0 -1 0 1 0 1 0 0 0 0 0
 23  66   V-66    61472.311  6   1.942501    61471.809   0.0008 -1 +2 +3 +8 +10 -12                      | 0 -1 1 1 0 0 0 0 1 0 1 0 -1 0 0
 23  67   V-67    62408.361  7   0.493037    62409.980   0.0026 +1 -2 +5 -6 -11 +13                      | 0 1 -1 0 0 1 -1 0 0 0 0 -1 0 1 0
 24  68  Cr-68    63325.909  5   8.003917    63322.381   0.0056 +10 +13                                  | 0 0 0 0 0 0 0 0 0 0 1 0 0 1 0
 24  69  Cr-69    64263.463  7   0.507502    64241.051   0.0349 -7 +9                                    | 0 0 0 0 0 0 0 -1 0 1 0 0 0 0 0
 24  70  Cr-70    65198.947  6   2.059983    65189.611   0.0143 +2 +4                                    | 0 0 1 0 1 0 0 0 0 0 0 0 0 0 0
 25  71  Mn-71    66119.462  5   8.354014    66092.149   0.0413 -1 +5 +6 -7 +9 +12                       | 0 -1 0 0 0 1 1 -1 0 1 0 0 1 0 0
 25  72  Mn-72    67056.406  5   8.468016    66994.063   0.0930 +2 -3 +8 +11 -12 +14                     | 0 0 1 -1 0 0 0 0 1 0 0 1 -1 0 1
 25  73  Mn-73    67992.369  5   8.589423    67954.565   0.0556 +3 -8 +10 +11 -13 +14                    | 0 0 0 1 0 0 0 0 -1 0 1 1 0 -1 1
 26  74  Fe-74    68909.904  5   8.713800    68938.567   0.0416 +2 +4 +9 -10 +14                         | 0 0 1 0 1 0 0 0 0 1 -1 0 0 0 1
 26  75  Fe-75    69847.358  5   8.829102    69850.771   0.0049 +4 -7 +8 +9 +13                          | 0 0 0 0 1 0 0 -1 1 1 0 0 0 1 0
 26  76  Fe-76    70782.962  7   0.559304    70798.312   0.0217 -2 -4 -9 -10 +11 +12                     | 0 0 -1 0 -1 0 0 0 0 -1 -1 1 1 0 0
 27  77  Co-77    71703.136  7   0.566320    71686.362   0.0234 +7 +9 +10 -12 +13 -14                    | 0 0 0 0 0 0 0 1 0 1 1 0 -1 1 -1
 27  78  Co-78    72641.220  6   2.299176    72759.020   0.1622 +1 +7                                    | 0 1 0 0 0 0 0 1 0 0 0 0 0 0 0
 28  79  Ni-79    73559.874  5   9.296625    73549.545   0.0140 +12 +13                                  | 0 0 0 0 0 0 0 0 0 0 0 0 1 1 0
 28  80  Ni-80    74496.288  6   2.354444    74508.011   0.0157 +1 +2 -3 -5 +7 +8                        | 0 1 1 -1 0 -1 0 1 1 0 0 0 0 0 0
 28  81  Ni-81    75434.933  6   2.384177    75448.942   0.0186 -3 -6 +9 +10 +11 -12                     | 0 0 0 -1 0 0 -1 0 0 1 1 1 -1 0 0
 28  82  Ni-82    76371.797  6   2.410929    76295.530   0.0999 -3 +10                                   | 0 0 0 -1 0 0 0 0 0 0 1 0 0 0 0
 29  83  Cu-83    77293.620  6   2.442764    77302.955   0.0121 -0 +4 +5 +11 -12                         | -1 0 0 0 1 1 0 0 0 0 0 1 -1 0 0
 29  84  Cu-84    78231.785  6   2.469913    78162.114   0.0891 +0 -3 -4 +8 -13 +14                      | 1 0 0 -1 -1 0 0 0 1 0 0 0 0 -1 1
 30  85  Zn-85    79151.899  7   0.625492    79176.565   0.0312 -2 +3 -8 +10 +11 -13                     | 0 0 -1 1 0 0 0 0 -1 0 1 1 0 -1 0
 30  86  Zn-86    80088.431  7   0.632732    80092.997   0.0057 +1 -2 -3 -4 +10                          | 0 1 -1 -1 -1 0 0 0 0 0 1 0 0 0 0
 31  87  Ga-87    81011.117  6   2.558066    80951.769   0.0733 -2 +3 +8 -12 +13                         | 0 0 -1 1 0 0 0 0 1 0 0 0 -1 1 0
 31  88  Ga-88    81949.091  6   2.591064    81996.015   0.0573 +0 +9                                    | 1 0 0 0 0 0 0 0 0 1 0 0 0 0 0
 32  89  Ge-89    82869.935  6   2.618857    82875.552   0.0068 -2 -4 -8 -9 +12 +13                      | 0 0 -1 0 -1 0 0 0 -1 -1 0 0 1 1 0
 32  90  Ge-90    83805.999  6   2.648704    83820.091   0.0168 +2 +8                                    | 0 0 1 0 0 0 0 0 1 0 0 0 0 0 0
 33  91  As-91    84729.464  6   2.677550    84732.934   0.0041 +1 +2 -4 +7 -9 +11                       | 0 1 1 0 -1 0 0 1 0 -1 0 1 0 0 0
 33  92  As-92    85667.078  6   2.707315    85674.857   0.0091 -7 +13                                   | 0 0 0 0 0 0 0 -1 0 0 0 0 0 1 0
 34  93  Se-93    86588.092  6   2.736269    86591.126   0.0035 -1 +2 +4 +6 +11 -13                      | 0 -1 1 0 1 0 1 0 0 0 0 1 0 -1 0
 34  94  Se-94    87523.642  7   0.691171    87490.385   0.0380 +1 +3 -6 +8 +11 -12                      | 0 1 0 1 0 0 -1 0 1 0 0 1 -1 0 0
 34  95  Se-95    88461.480  6   2.797513    88529.253   0.0766 +0 +1 +7 -8 +9                           | 1 1 0 0 0 0 0 1 -1 1 0 0 0 0 0
 35  96  Br-96    89385.224  6   2.819629    89229.136   0.1746 +2 +5 +6 +10 -12                         | 0 0 1 0 0 1 1 0 0 0 1 0 -1 0 0
 35  97  Br-97    90320.927  6   2.852278    90262.318   0.0649 -0 -3 -7 +9 +10                          | -1 0 0 -1 0 0 0 -1 0 1 1 0 0 0 0
 35  98  Br-98    91258.372  6   2.883261    91242.816   0.0170 -0 -3 +9 -10 +12                         | -1 0 0 -1 0 0 0 0 0 1 -1 0 1 0 0
 36  99  Kr-99    92179.516  6   2.912425    92165.723   0.0150 +3 +6 +7 -9 -11 +12                      | 0 0 0 1 0 0 1 1 0 -1 0 -1 1 0 0
 36 100 Kr-100    93114.940  7   0.735844    93145.202   0.0325 +0 +2 -3 -5 -7 +13                       | 1 0 1 -1 0 -1 0 -1 0 0 0 0 0 1 0
 36 101 Kr-101    94052.324  6   2.971195    94025.548   0.0285 +1 -2 +9 -11 +12                         | 0 1 -1 0 0 0 0 0 0 1 0 -1 1 0 0
 37 102 Rb-102    94975.146  6   2.999556    94923.038   0.0549 -5 +13                                   | 0 0 0 0 0 -1 0 0 0 0 0 0 0 1 0
 37 103 Rb-103    95910.732  6   3.031393    95930.556   0.0207 +1 +3 -4 +8 -10 +12                      | 0 1 0 1 -1 0 0 0 1 0 -1 0 1 0 0
 37 104 Rb-104    96847.936  6   3.061859    96894.675   0.0483 +1 -2 -3 +5 -8 +12                       | 0 1 -1 -1 0 1 0 0 -1 0 0 0 1 0 0
 38 105 Sr-105    97768.690  6   3.088237    97729.417   0.0402 +1 +3 +6 -8 -9 +13                       | 0 1 0 1 0 0 1 0 -1 -1 0 0 0 1 0
 38 106 Sr-106    98704.074  6   3.117065    98641.684   0.0632 +0 +7 -8 +10 +12 -13                     | 1 0 0 0 0 0 0 1 -1 0 1 0 1 -1 0
 38 107 Sr-107    99641.619  7   0.787046    99626.424   0.0152 +3 +4 -7 -8 +9                           | 0 0 0 1 1 0 0 -1 -1 1 0 0 0 0 0
 39 108  Y-108   100564.583  6   3.174316   100453.446   0.1105 +1 -5 +8 +9                              | 0 1 0 0 0 -1 0 0 1 1 0 0 0 0 0
 39 109  Y-109   101500.377  5  12.827047   101480.206   0.0199 -3 -5 +7 +10 +12 +13                     | 0 0 0 -1 0 -1 0 1 0 0 1 0 1 1 0
 40 110 Zr-110   102422.131  6   3.240005   102532.225   0.1075 +0 -4 -5 +6 +12                          | 1 0 0 0 -1 -1 1 0 0 0 0 0 1 0 0
 40 111 Zr-111   103359.365  8   0.204083   103333.420   0.0251 +3 +4 +6 -10 +11 -12                     | 0 0 0 1 1 0 1 0 0 0 -1 1 -1 0 0
 40 112 Zr-112   104294.920  6   3.295628   104292.455   0.0024 -2 +11                                   | 0 0 -1 0 0 0 0 0 0 0 0 1 0 0 0
 40 113 Zr-113   105232.494  7   0.831218   105217.830   0.0139 -1 -2 +3 -6 -8 +13                       | 0 -1 -1 1 0 0 -1 0 -1 0 0 0 0 1 0
 41 114 Nb-114   106155.368  6   3.355179   106176.987   0.0204 -0 -1 +4 -5 +6 +8                        | -1 -1 0 0 1 -1 1 0 1 0 0 0 0 0 0
 41 115 Nb-115   107090.942  6   3.384039   107090.280   0.0006 +4 -7 +8 +9 +11 -12                      | 0 0 0 0 1 0 0 -1 1 1 0 1 -1 0 0
 41 116 Nb-116   108028.085  8   0.213332   108016.863   0.0104 +0 -3 -5 -6 +12                          | 1 0 0 -1 0 -1 -1 0 0 0 0 0 1 0 0
 42 117 Mo-117   108949.121  6   3.440032   108862.214   0.0798 -2 -3 -5 +7 +12                          | 0 0 -1 -1 0 -1 0 1 0 0 0 0 1 0 0
 42 118 Mo-118   109883.934  6   3.472464   109888.549   0.0042 +3 +6 -7 -8 -9 +14                       | 0 0 0 1 0 0 1 -1 -1 -1 0 0 0 0 1
 42 119 Mo-119   110821.218  7   0.875679   110845.870   0.0222 -2 +4 -6 -8 +11                          | 0 0 -1 0 1 0 -1 0 -1 0 0 1 0 0 0
 43 120 Tc-120   111744.292  6   3.530884   111737.292   0.0063 -1 +4 -6 +8 -9 +12                       | 0 -1 0 0 1 0 -1 0 1 -1 0 0 1 0 0
 43 121 Tc-121   112679.246  6   3.560929   112688.082   0.0078 +1 +10                                   | 0 1 0 0 0 0 0 0 0 0 1 0 0 0 0
 43 122 Tc-122   113615.975  6   3.588122   113548.619   0.0593 -0 +5 +9 -10 -13 +14                     | -1 0 0 0 0 1 0 0 0 1 -1 0 0 -1 1
 44 123 Ru-123   114537.225  6   3.621715   114611.682   0.0650 +0 +2 -3 -4 +8 +10                       | 1 0 1 -1 -1 0 0 0 1 0 1 0 0 0 0
 44 124 Ru-124   115471.679  6   3.649188   115481.098   0.0082 -0 +3 +8 -9 +10                          | -1 0 0 1 0 0 0 0 1 -1 1 0 0 0 0
 44 125 Ru-125   116408.393  6   3.678087   116395.629   0.0110 -3 -4 -5 +6 +8 +11                       | 0 0 0 -1 -1 -1 1 0 1 0 0 1 0 0 0
 45 126 Rh-126   117331.057  6   3.706288   117288.078   0.0366 +3 -8 +9 +10 +11 -13                     | 0 0 0 1 0 0 0 0 -1 1 1 1 0 -1 0
 45 127 Rh-127   118266.021  7   0.934386   118277.135   0.0094 +0 +3                                    | 1 0 0 1 0 0 0 0 0 0 0 0 0 0 0
 45 128 Rh-128   119203.905  7   0.941545   119183.366   0.0172 +2 +6 +10 -13                            | 0 0 1 0 0 0 1 0 0 0 1 0 0 -1 0
 46 129 Pd-129   120124.859  7   0.948245   120031.463   0.0777 -2 +4                                    | 0 0 -1 0 1 0 0 0 0 0 0 0 0 0 0
 46 130 Pd-130   121061.503  6   3.828466   121154.481   0.0768 +4 -9 -10 -11 +12 +14                    | 0 0 0 0 1 0 0 0 0 -1 -1 -1 1 0 1
 46 131 Pd-131   121999.987  7   0.964043   122031.302   0.0257 -0 +2 -3 -4 -5 +12                       | -1 0 1 -1 -1 -1 0 0 0 0 0 0 1 0 0
 47 132 Ag-132   122922.821  6   3.884453   122926.231   0.0028 -2 -4 -5 -6 +8 +14                       | 0 0 -1 0 -1 -1 -1 0 1 0 0 0 0 0 1
 47 133 Ag-133   123859.635  7   0.978501   123861.384   0.0014 -1 +2 +4 +5 -9                           | 0 -1 1 0 1 1 0 0 0 -1 0 0 0 0 0
 48 134 Cd-134   124780.750  6   3.943451   124793.249   0.0100 -1 -2 -3 +5 +6 +8                        | 0 -1 -1 -1 0 1 1 0 1 0 0 0 0 0 0
 48 135 Cd-135   125718.884  8   0.248318   125731.215   0.0098 -0 +3 +5 +6 -7 -8                        | -1 0 0 1 0 1 1 -1 -1 0 0 0 0 0 0
 49 136 In-136   126642.228  7   1.000537   126650.779   0.0068 -6 -7 -10 -11 +12 +14                    | 0 0 0 0 0 0 -1 -1 0 0 -1 -1 1 0 1
 49 137 In-137   127578.862  6   4.032462   127610.076   0.0245 -2 -4 +8 +10 -11 +12                     | 0 0 -1 0 -1 0 0 0 1 0 1 -1 1 0 0
 50 138 Sn-138   128500.676  8   0.253743   128477.893   0.0177 +0 +2 +3 +4 +6 -12                       | 1 0 1 1 1 0 1 0 0 0 0 0 -1 0 0
 50 139 Sn-139   129438.370  7   1.023111   129508.238   0.0540 -1 -3 -6 +11 -12 +13                     | 0 -1 0 -1 0 0 -1 0 0 0 0 1 -1 1 0
 50 140 Sn-140   130374.684  7   1.030093   130392.027   0.0133 +4 -5 +7 -8 -9 +11                       | 0 0 0 0 1 -1 0 1 -1 -1 0 1 0 0 0
 51 141 Sb-141   131301.128  6   4.147426   131248.197   0.0403 +3 +10                                   | 0 0 0 1 0 0 0 0 0 0 1 0 0 0 0
 51 142 Sb-142   132238.552  7   1.045705   132368.313   0.0981 +0 -2 -3 -5 -10 +14                      | 1 0 -1 -1 0 -1 0 0 0 0 -1 0 0 0 1
 52 143 Te-143   133163.126 10   0.016445   133229.786   0.0501 -2 -10 +11                               | 0 0 -1 0 0 0 0 0 0 0 -1 1 0 0 0
 52 144 Te-144   134098.931  6   4.240543   134194.920   0.0716 +0 -2 -9 +12 -13 +14                     | 1 0 -1 0 0 0 0 0 0 -1 0 0 1 -1 1
 52 145 Te-145   135036.635  7   1.066769   135034.546   0.0015 +0 -1 -4 -6 +8 +9                        | 1 -1 0 0 -1 0 -1 0 1 1 0 0 0 0 0
 53 146  I-146   135962.599  9   0.067116   135931.935   0.0226 +4 +6 +8 -9 +12 -14                      | 0 0 0 0 1 0 1 0 1 -1 0 0 1 0 -1
 53 147  I-147   136898.433  6   4.328155   136967.491   0.0504 +2 -6 -9 -11 +12 +14                     | 0 0 1 0 0 0 -1 0 0 -1 0 -1 1 0 1
 54 148 Xe-148   137822.478  6   4.354568   137803.331   0.0139 +3 +4 -7 +10 -11 +12                     | 0 0 0 1 1 0 0 -1 0 0 1 -1 1 0 0
 54 149 Xe-149   138759.621  8   0.274118   138794.465   0.0251 -1 +2                                    | 0 -1 1 0 0 0 0 0 0 0 0 0 0 0 0
 54 150 Xe-150   139695.125  6   4.415430   139729.347   0.0245 +0 +3 +5 +6 +7 -8                        | 1 0 0 1 0 1 1 1 -1 0 0 0 0 0 0
 55 151 Cs-151   140621.330  6   4.442988   140601.440   0.0141 -1 +13                                   | 0 -1 0 0 0 0 0 0 0 0 0 0 0 1 0
 55 152 Cs-152   141557.974  6   4.473304   141560.818   0.0020 +1 -4 +5 +9 -10 +13                      | 0 1 0 0 -1 1 0 0 0 1 -1 0 0 1 0
 56 153 Ba-153   142482.128  6   4.503349   142511.608   0.0207 -3 -5 +9 +12                             | 0 0 0 -1 0 -1 0 0 0 1 0 0 1 0 0
 56 154 Ba-154   143417.172  8   0.283225   143405.743   0.0080 -0 +1 +3 +6 +8 -13                       | -1 1 0 1 0 0 1 0 1 0 0 0 0 -1 0
 57 155 La-155   144343.655  7   1.140234   144334.048   0.0067 +5 +8 -9 +12 -13                         | 0 0 0 0 0 1 0 0 1 -1 0 0 1 -1 0
 57 156 La-156   145280.030  6   4.589437   145235.935   0.0304 +2 -3 -4 -7 +11 +12                      | 0 0 1 -1 -1 0 0 -1 0 0 0 1 1 0 0
 57 157 La-157   146215.504  6   4.619878   146199.242   0.0111 +1 -5 +8 +9 -10 +13                      | 0 1 0 0 0 -1 0 0 1 1 -1 0 0 1 0
 58 158 Ce-158   147139.528  6   4.649236   147128.303   0.0076 -0 -1 +3 -10 +14                         | -1 -1 0 1 0 0 0 0 0 0 -1 0 0 0 1
 58 159 Ce-159   148076.222  6   4.677706   148029.253   0.0317 +0 +2 +4 +6 -11 +12                      | 1 0 1 0 1 0 1 0 0 0 0 -1 1 0 0
 59 160 Pr-160   149002.857  7   1.177193   149012.357   0.0064 +0 +1 -5 -7 +12                          | 1 1 0 0 0 -1 0 -1 0 0 0 0 1 0 0
 59 161 Pr-161   149938.061  7   1.184305   149912.573   0.0170 -2 -5 -6 +7 +10                          | 0 0 -1 0 0 -1 -1 1 0 0 1 0 0 0 0
 60 162 Nd-162   150863.035  6   4.765173   150797.206   0.0436 -1 +2 +4 +5 -7 +10                       | 0 -1 1 0 1 1 0 -1 0 0 1 0 0 0 0
 60 163 Nd-163   151799.459  8   0.299895   151845.962   0.0306 -0 -1 -6 -8 +12                          | -1 -1 0 0 0 0 -1 0 -1 0 0 0 1 0 0
 61 164 Pm-164   152726.673  9   0.075410   152730.678   0.0026 -7 +8                                    | 0 0 0 0 0 0 0 -1 1 0 0 0 0 0 0
 61 165 Pm-165   153661.857  6   4.853638   153596.738   0.0424 +1 +12                                   | 0 1 0 0 0 0 0 0 0 0 0 0 1 0 0
 62 166 Sm-166   154587.571  6   4.883464   154540.616   0.0304 -1 -2 -3 +7 +12                          | 0 -1 -1 -1 0 0 0 1 0 0 0 0 1 0 0
 62 167 Sm-167   155524.185  6   4.914423   155520.338   0.0025 -0 +2 +3 +5 +6                           | -1 0 1 1 0 1 1 0 0 0 0 0 0 0 0
 62 168 Sm-168   156459.369  6   4.944027   156457.171   0.0014 -2 -3 +4 -5 +7 +12                       | 0 0 -1 -1 1 -1 0 1 0 0 0 0 1 0 0
 63 169 Eu-169   157386.843  6   4.972374   157354.225   0.0207 +0 -5 +6 -7 +8 +13                       | 1 0 0 0 0 -1 1 -1 1 0 0 0 0 1 0
 63 170 Eu-170   158323.137  6   5.004151   158359.828   0.0232 +0 +3 -4 +5 +6 +7                        | 1 0 0 1 -1 1 1 1 0 0 0 0 0 0 0
 64 171 Gd-171   159249.282  6   5.032859   159268.342   0.0120 +1 -4 -5 -10 +11 +14                     | 0 1 0 0 -1 -1 0 0 0 0 -1 1 0 0 1
 64 172 Gd-172   160184.015  6   5.064000   160253.792   0.0436 +0 +2 -8 +11 -13 +14                     | 1 0 1 0 0 0 0 0 -1 0 0 1 0 -1 1
 65 173 Tb-173   161111.970  7   1.271618   160964.941   0.0913 +3 -4 +5 -7 -9 +13                       | 0 0 0 1 -1 1 0 -1 0 -1 0 0 0 1 0
 65 174 Tb-174   162048.004  6   5.120655   162046.707   0.0008 +0 -4 +5 -6 +8 +12                       | 1 0 0 0 -1 1 -1 0 1 0 0 0 1 0 0
 66 175 Dy-175   162974.738  7   1.287675   162997.500   0.0140 -2 +3 -4 +5 -9 +10                       | 0 0 -1 1 -1 1 0 0 0 -1 1 0 0 0 0
 66 176 Dy-176   163909.352  6   5.180402   163937.430   0.0171 -0 -3 +6 -8 +9 +11                       | -1 0 0 -1 0 0 1 0 -1 1 0 1 0 0 0
 67 177 Ho-177   164838.176  7   1.302054   164817.598   0.0125 +1 -3 +12 +13 -14                        | 0 1 0 -1 0 0 0 0 0 0 0 0 1 1 -1
 67 178 Ho-178   165773.820  6   5.239740   165815.225   0.0250 +6 -10 +11 -12 +14                       | 0 0 0 0 0 0 1 0 0 0 -1 1 -1 0 1
 68 179 Er-179   166701.365  7   1.316803   166684.609   0.0101 -2 +3 -8 +9 -10 +11                      | 0 0 -1 1 0 0 0 0 -1 1 -1 1 0 0 0
 68 180 Er-180   167635.759  7   1.324351   167640.018   0.0025 -1 +3 +4 -8 -9 +11                       | 0 -1 0 1 1 0 0 0 -1 -1 0 1 0 0 0
 69 181 Tm-181   168564.993  7   1.331247   168512.889   0.0309 -1 +4 -5 -7 +11                          | 0 -1 0 0 1 -1 0 -1 0 0 0 1 0 0 0
 69 182 Tm-182   169500.437  6   5.355612   169482.066   0.0108 +4 +11                                   | 0 0 0 0 1 0 0 0 0 0 0 1 0 0 0
 70 183 Yb-183   170428.421  6   5.387220   170482.315   0.0316 +1 +3 +6 +10 +11 -13                     | 0 1 0 1 0 0 1 0 0 0 1 1 0 -1 0
 70 184 Yb-184   171362.314  9   0.084610   171363.500   0.0007 -0 +5 -7 +10 +12 -14                     | -1 0 0 0 0 1 0 -1 0 0 1 0 1 0 -1
 70 185 Yb-185   172297.929  6   5.440135   172156.853   0.0819 +3 +12                                   | 0 0 0 1 0 0 0 0 0 0 0 0 1 0 0
 71 186 Lu-186   173227.583  7   1.368812   173268.058   0.0234 +2 -3 -7 +11 +12 -13                     | 0 0 1 -1 0 0 0 -1 0 0 0 1 1 -1 0
 71 187 Lu-187   174161.627  6   5.508377   174316.438   0.0889 +0 -4 +7 +8 -12 +14                      | 1 0 0 0 -1 0 0 1 1 0 0 0 -1 0 1
 71 188 Lu-188   175097.071  7   1.382646   175019.207   0.0445 +0 -2 -3 -6 +12                          | 1 0 -1 -1 0 0 -1 0 0 0 0 0 1 0 0
 72 189 Hf-189   176025.235  7   1.389667   175907.859   0.0667 -1 -2 +4 -6 -7 +12                       | 0 -1 -1 0 1 0 -1 -1 0 0 0 0 1 0 0
 72 190 Hf-190   176959.079  6   5.592988   176993.992   0.0197 +3 +13                                   | 0 0 0 1 0 0 0 0 0 0 0 0 0 1 0
 73 191 Ta-191   177888.854  6   5.619740   177840.580   0.0271 +5 +6 +7 +8 +9 -12                       | 0 0 0 0 0 1 1 1 1 1 0 0 -1 0 0
 73 192 Ta-192   178823.768  6   5.650056   178799.958   0.0133 +0 +4 -6 -8 +10 +13                      | 1 0 0 0 1 0 -1 0 -1 0 1 0 0 1 0
 73 193 Ta-193   179757.552  6   5.682586   179829.378   0.0400 +5 +7 +8 +12 -13                         | 0 0 0 0 0 1 0 1 1 0 0 0 1 -1 0
 73 194 Ta-194   180692.726  8   0.356738   180627.744   0.0360 -5 +9 -10 -12 +14                        | 0 0 0 0 0 -1 0 0 0 1 -1 0 -1 0 1
 74 195  W-195   181620.610  7   1.434425   181573.460   0.0260 -1 -2 -4 +7 -8 +11                       | 0 -1 -1 0 -1 0 0 1 -1 0 0 1 0 0 0
 74 196  W-196   182554.104  7   1.442226   182561.039   0.0038 +1 +3 -5 +7                              | 0 1 0 1 0 -1 0 1 0 0 0 0 0 0 0
 74 197  W-197   183489.468  6   5.797709   183472.529   0.0092 +3 +5 -8 -10 +11 +13                     | 0 0 0 1 0 1 0 0 -1 0 -1 1 0 1 0
 75 198 Re-198   184418.842  6   5.825108   184339.596   0.0430 -0 +3 +5 -7 -8 +14                       | -1 0 0 1 0 1 0 -1 -1 0 0 0 0 0 1
 75 199 Re-199   185352.597  7   1.464400   185367.792   0.0082 +1 -3 -5 +7 -8 +11                       | 0 1 0 -1 0 -1 0 1 -1 0 0 1 0 0 0
 76 200 Os-200   186280.271  8   0.367862   186260.067   0.0108 +1 +2 -3 +5 +9 -11                       | 0 1 1 -1 0 1 0 0 0 1 0 -1 0 0 0
 76 201 Os-201   187215.475  7   1.479741   187309.745   0.0504 +0 +1 +2 +3 +5 -7                        | 1 1 1 1 0 1 0 -1 0 0 0 0 0 0 0
 76 202 Os-202   188149.278  8   0.371618   188161.976   0.0067 +0 -3 -9 +11 +12 -13                     | 1 0 0 -1 0 0 0 0 0 -1 0 1 1 -1 0
 76 203 Os-203   189086.032  7   1.494062   189122.521   0.0193 +0 -2 -3 -4 +6 +9                        | 1 0 -1 -1 -1 0 1 0 0 1 0 0 0 0 0
 77 204 Ir-204   190015.227  8   0.375081   189915.292   0.0526 -1 +3 -4 -10 +12                         | 0 -1 0 1 -1 0 0 0 0 0 -1 0 1 0 0
 77 205 Ir-205   190950.691  6   6.031539   190872.248   0.0411 -0 +3 +6 +9 -11 +13                      | -1 0 0 1 0 0 1 0 0 1 0 -1 0 1 0
 78 206 Pt-206   191878.545  7   1.516816   192002.803   0.0648 -3 -5 +7 +8                              | 0 0 0 -1 0 -1 0 1 1 0 0 0 0 0 0
 78 207 Pt-207   192815.140  7   1.523226   192814.215   0.0005 +3 +4 -5 -6 -7 +13                       | 0 0 0 1 1 -1 -1 -1 0 0 0 0 0 1 0
 78 208 Pt-208   193750.273  7   1.531214   193825.328   0.0387 +2 -4 +5 -9 +10                          | 0 0 1 0 -1 1 0 0 0 -1 1 0 0 0 0
 79 209 Au-209   194680.037 10   0.024032   194688.575   0.0044 -0 +4 -5 -9 -12 +14                      | -1 0 0 0 1 -1 0 0 0 -1 0 0 -1 0 1
 79 210 Au-210   195616.441  8   0.386389   195640.713   0.0124 -3 -4 -7 +8 -13 +14                      | 0 0 0 -1 -1 0 0 -1 1 0 0 0 0 -1 1
 80 211 Hg-211   196544.865  6   6.210948   196549.774   0.0025 +1 +6 -7 +10 -12 +14                     | 0 1 0 0 0 0 1 -1 0 0 1 0 -1 0 1
 80 212 Hg-212   197479.770  7   1.560220   197497.002   0.0087 -4 +5 -8 +10 -12 +13                     | 0 0 0 0 -1 1 0 0 -1 0 1 0 -1 1 0
 80 213 Hg-213   198416.444  6   6.271037   198451.315   0.0176 +0 -2 -8 -10 +13 +14                     | 1 0 -1 0 0 0 0 0 -1 0 -1 0 0 1 1
 80 214 Hg-214   199351.508  7   1.574706   199330.652   0.0105 +0 +1 +4 -5 -6 +10                       | 1 1 0 0 1 -1 -1 0 0 0 1 0 0 0 0
 80 215 Hg-215   200288.342  7   1.582415   200306.549   0.0091 +0 -4 -7 -8 +10 +11                      | 1 0 0 0 -1 0 0 -1 -1 0 1 1 0 0 0
 80 216 Hg-216   201223.647  7   1.589771   201237.659   0.0070 +2 -7 -8 -10 +11 +12                     | 0 0 1 0 0 0 0 -1 -1 0 -1 1 1 0 0
 81 217 Tl-217   202152.880  7   1.596775   202124.163   0.0142 +3 -4 +5 -7 +9                           | 0 0 0 1 -1 1 0 -1 0 1 0 0 0 0 0
 81 218 Tl-218   203089.425  6   6.413364   202955.363   0.0660 +0 +1 +4 +5 -12 +14                      | 1 1 0 0 1 1 0 0 0 0 0 0 -1 0 1
 82 219 Pb-219   204017.828  6   6.446701   204010.351   0.0037 -0 +2 +9 +10 -12 +13                     | -1 0 1 0 0 0 0 0 0 1 1 0 -1 1 0
 82 220 Pb-220   204952.833  7   1.619364   204983.549   0.0150 -6 -7 -8 -12 +13 +14                     | 0 0 0 0 0 0 -1 -1 -1 0 0 0 -1 1 1
 83 221 Bi-221   205884.397  6   6.498958   205664.060   0.1070 +0 -3 +8 +9 -13 +14                      | 1 0 0 -1 0 0 0 0 1 1 0 0 0 -1 1
 83 222 Bi-222   206820.641  8   0.408674   206924.299   0.0501 +2 +3 +5 +6 -12                          | 0 0 1 1 0 1 1 0 0 0 0 0 -1 0 0
 83 223 Bi-223   207755.425  6   6.566217   207792.502   0.0178 -0 +2 +3 +9 -13 +14                      | -1 0 1 1 0 0 0 0 0 1 0 0 0 -1 1
 83 224 Bi-224   208691.749  7   1.649090   208746.404   0.0262 -0 -3 +4 +9 +10 -13                      | -1 0 0 -1 1 0 0 0 0 1 1 0 0 -1 0
 84 225 Po-225   209620.753  6   6.624423   209634.468   0.0065 -0 -3 +5 -7 +10 +12                      | -1 0 0 -1 0 1 0 -1 0 0 1 0 1 0 0
 84 226 Po-226   210555.216  6   6.646415   210330.429   0.1068 +0 -3 +4 +8 +11                          | 1 0 0 -1 1 0 0 0 1 0 0 1 0 0 0
 84 227 Po-227   211491.442  6   6.681267   211433.329   0.0275 +0 -3 +5 -8 +10 +12                      | 1 0 0 -1 0 1 0 0 -1 0 1 0 1 0 0
 85 228 At-228   212422.535  7   1.678429   212460.248   0.0178 +0 -1 -4 +9 -11 +13                      | 1 -1 0 0 -1 0 0 0 0 1 0 -1 0 1 0
 85 229 At-229   213357.039  6   6.742164   213360.461   0.0016 +7 +13                                   | 0 0 0 0 0 0 0 1 0 0 0 0 0 1 0
 86 230 Rn-230   214285.813  7   1.693107   214318.141   0.0151 -2 +3 -7 +9 -11 +13                      | 0 0 -1 1 0 0 0 -1 0 1 0 -1 0 1 0
 86 231 Rn-231   215221.687  6   6.796569   215082.144   0.0648 -0 -1 -2 -5 +7 +14                       | -1 -1 -1 0 0 -1 0 1 0 0 0 0 0 0 1
 87 232 Fr-232   216152.705  8   0.426900   216152.718   0.0000 +0 +3 +7 -9                              | 1 0 0 1 0 0 0 1 0 -1 0 0 0 0 0
 87 233 Fr-233   217087.046  9   0.107293   217303.910   0.0999 -0 +3 +4 +5 -6 -8                        | -1 0 0 1 1 1 -1 0 -1 0 0 0 0 0 0
 88 234 Ra-234   218016.551  7   1.721432   217903.707   0.0518 -3 +7 -10 +11                            | 0 0 0 -1 0 0 0 1 0 0 -1 1 0 0 0
 88 235 Ra-235   218952.244  7   1.729954   218982.381   0.0138 -1 +4 -7 +9                              | 0 -1 0 0 1 0 0 -1 0 1 0 0 0 0 0
 89 236 Ac-236   219883.829  7   1.737231   219903.545   0.0090 +0 +1 -4 -6 +13                          | 1 1 0 0 -1 0 -1 0 0 0 0 0 0 1 0
 89 237 Ac-237   220818.122  6   6.981161   220923.702   0.0478 -0 -3 -7 +9 +14                          | -1 0 0 -1 0 0 0 -1 0 1 0 0 0 0 1
 90 238 Th-238   221748.121  6   7.009157   221809.642   0.0277 +1 +2 +4 +6 -12 +14                      | 0 1 1 0 1 0 1 0 0 0 0 0 -1 0 1
 90 239 Th-239   222683.590  7   1.758663   222616.437   0.0302 -8 +11                                   | 0 0 0 0 0 0 0 0 -1 0 0 1 0 0 0
 91 240 Pa-240   223615.595  6   7.065524   223593.428   0.0099 -0 -2 +3 +4 -8 +14                       | -1 0 -1 1 1 0 0 0 -1 0 0 0 0 0 1
 91 241 Pa-241   224549.819  6   7.096813   224583.584   0.0150 +9 +12                                   | 0 0 0 0 0 0 0 0 0 1 0 0 1 0 0
 92 242  U-242   225480.193  6   7.124451   225458.202   0.0098 -4 +5 -6 -9 +11 +14                      | 0 0 0 0 -1 1 -1 0 0 -1 0 1 0 0 1
 92 243  U-243   226415.547  6   7.156354   226467.818   0.0231 +1 +2 -3 +4 -5 +14                       | 0 1 1 -1 1 -1 0 0 0 0 0 0 0 0 1
 93 244 Np-244   227347.801  6   7.190743   227556.058   0.0916 -0 -1 +2 -3 +10 +12                      | -1 -1 1 -1 0 0 0 0 0 0 1 0 1 0 0
 93 245 Np-245   228281.905  6   7.214775   228316.561   0.0152 +4 -5 -6 +7 +9 +13                       | 0 0 0 0 1 -1 -1 1 0 1 0 0 0 1 0
 94 246 Pu-246   229212.944  7   1.811084   229252.000   0.0170 -1 +8                                    | 0 -1 0 0 0 0 0 0 1 0 0 0 0 0 0
 94 247 Pu-247   230148.253  6   7.272759   230151.523   0.0014 +1 +3 +4 +5 -6 +13                       | 0 1 0 1 1 1 -1 0 0 0 0 0 0 1 0
 95 248 Am-248   231081.100  6   7.302241   231084.514   0.0015 -0 +2 +3 +8 +11                          | -1 0 1 1 0 0 0 0 1 0 0 1 0 0 0
 95 249 Am-249   232015.135  6   7.331331   232005.085   0.0043 -0 +3 +9 +11 -12 +13                     | -1 0 0 1 0 0 0 0 0 1 0 1 -1 1 0
 96 250 Cm-250   232946.515  7   1.841128   233055.160   0.0466 +1 -4 +6 +9 +10 -12                      | 0 1 0 0 -1 0 1 0 0 1 1 0 -1 0 0
 96 251 Cm-251   233881.668  7   1.846651   233754.228   0.0545 -0 -1 -4 +11 +12 -13                     | -1 -1 0 0 -1 0 0 0 0 0 0 1 1 -1 0
 96 252 Cm-252   234815.570  9   0.115872   234677.849   0.0587 +4 -6 +10 +12 -14                        | 0 0 0 0 1 0 -1 0 0 0 1 0 1 0 -1
 97 253 Bk-253   235748.936  9   0.116405   235757.104   0.0035 +0 +2 -5 +8 +11 -13                      | 1 0 1 0 0 -1 0 0 1 0 0 1 0 -1 0
 97 254 Bk-254   236683.895  6   7.483202   236811.129   0.0538 +3 +4 +5 +8 -10 +12                      | 0 0 0 1 1 1 0 0 1 0 -1 0 1 0 0
 98 255 Cf-255   237615.805  7   1.877699   237684.373   0.0289 -8 +9 -10 +13                            | 0 0 0 0 0 0 0 0 -1 1 -1 0 0 1 0
 98 256 Cf-256   238549.531  6   7.543363   238714.971   0.0694 -1 +3 -5 +7 +8 +12                       | 0 -1 0 1 0 -1 0 1 1 0 0 0 1 0 0
 99 257 Es-257   239483.388  7   1.891897   239481.626   0.0007 -2 +3 +4 -7 +8                           | 0 0 -1 1 1 0 0 -1 1 0 0 0 0 0 0
 99 258 Es-258   240418.181  7   1.899548   240450.130   0.0133 -1 +3 -4 -5 +7 +9                        | 0 -1 0 1 -1 -1 0 1 0 1 0 0 0 0 0
100 259 Fm-259   241350.677  6   7.625379   241310.435   0.0167 -0 +2 -3 +10 +13                         | -1 0 1 -1 0 0 0 0 0 0 1 0 0 1 0
100 260 Fm-260   242284.233  7   1.913434   242207.847   0.0315 -0 -1 -2 -5 +7 +9                        | -1 -1 -1 0 0 -1 0 1 0 1 0 0 0 0 0
101 261 Md-261   243218.539  7   1.920857   243147.461   0.0292 -1 -6 -7 -9 +11 +13                      | 0 -1 0 0 0 0 -1 -1 0 -1 0 1 0 1 0
101 262 Md-262   244153.122  6   7.717005   244210.002   0.0233 -4 +6 +8 -10 +11 +13                     | 0 0 0 0 -1 0 1 0 1 0 -1 1 0 1 0
102 263 No-263   245086.078  7   1.936133   245081.075   0.0020 -1 +5 +6 -8 -9 +10                       | 0 -1 0 0 0 1 1 0 -1 -1 1 0 0 0 0
102 264 No-264   246019.454  6   7.774360   246025.040   0.0023 +1 +3 -4 -11 +12 +14                     | 0 1 0 1 -1 0 0 0 0 0 0 -1 1 0 1
103 265 Lr-265   246954.170  7   1.951288   246999.407   0.0183 -0 +7                                    | -1 0 0 0 0 0 0 1 0 0 0 0 0 0 0
103 266 Lr-266   247889.093  6   7.834449   247926.581   0.0151 +1 +4 +6 +7 -9 +13                       | 0 1 0 0 1 0 1 1 0 -1 0 0 0 1 0
104 267 Rf-267   248822.369  6   7.860929   248764.557   0.0232 +3 -4 +5 -9 +12 +13                      | 0 0 0 1 -1 1 0 0 0 -1 0 0 1 1 0
104 268 Rf-268   249755.895  8   0.493242   249743.610   0.0049 +0 +3 -8 +9 +11 -13                      | 1 0 0 1 0 0 0 0 -1 1 0 1 0 -1 0
105 269 Db-269   250691.062  8   0.494864   250565.205   0.0502 -0 +1 -8 +9 +12 -13                      | -1 1 0 0 0 0 0 0 -1 1 0 0 1 -1 0
105 270 Db-270   251625.805  7   1.987973   251643.207   0.0069 -4 +7 -9 +10 -11 +12                     | 0 0 0 0 -1 0 0 1 0 -1 1 -1 1 0 0
106 271 Sg-271   252559.519  7   1.995655   252615.530   0.0222 -3 -6 +7 +9 -12 +13                      | 0 0 0 -1 0 0 -1 1 0 1 0 0 -1 1 0
106 272 Sg-272   253492.916  7   2.003249   253576.821   0.0331 +1 -3 +7 -10 +11                         | 0 1 0 -1 0 0 0 1 0 0 -1 1 0 0 0
106 273 Sg-273   254427.810  7   2.010020   254433.938   0.0024 -0 -2 -3 -4 +5 +10                       | -1 0 -1 -1 -1 1 0 0 0 0 1 0 0 0 0
107 274 Bh-274   255363.146  7   2.017424   255371.207   0.0032 +7                                       | 0 0 0 0 0 0 0 1 0 0 0 0 0 0 0
107 275 Bh-275   256296.658  7   2.024558   256274.152   0.0088 +4 +7 -8 +10 +13 -14                     | 0 0 0 0 1 0 0 1 -1 0 1 0 0 1 -1
107 276 Bh-276   257231.322  8   0.508103   257268.360   0.0144 -1 -2 +4 +9 +13 -14                      | 0 -1 -1 0 1 0 0 0 0 1 0 0 0 1 -1
107 277 Bh-277   258164.966  8   0.509882   258169.084   0.0016 -0 +3 +5 -7                              | -1 0 0 1 0 1 0 -1 0 0 0 0 0 0 0
107 278 Bh-278   259099.731  7   2.046959   259109.821   0.0039 -9 +12                                   | 0 0 0 0 0 0 0 0 0 -1 0 0 1 0 0
108 279 Hs-279   260033.354  8   0.513310   259905.015   0.0494 -4 +7                                    | 0 0 0 0 -1 0 0 1 0 0 0 0 0 0 0
108 280 Hs-280   260966.768  6   8.247688   261003.826   0.0142 -1 -5 +6 +11 +12                         | 0 -1 0 0 0 -1 1 0 0 0 0 1 1 0 0
109 281 Mt-281   261902.243  6   8.276310   261909.580   0.0028 +3 +14                                   | 0 0 0 1 0 0 0 0 0 0 0 0 0 0 1
109 282 Mt-282   262836.792  7   2.076362   262831.741   0.0019 -0 +6 -9 -12 +14                         | -1 0 0 0 0 0 1 0 0 -1 0 0 -1 0 1
110 283 Ds-283   263770.661  7   2.083561   263743.008   0.0105 +0 +7                                    | 1 0 0 0 0 0 0 1 0 0 0 0 0 0 0
110 284 Ds-284   264703.785  7   2.091591   264759.440   0.0210 +1 +2 +3 +6 +10 -13                      | 0 1 1 1 0 0 1 0 0 0 1 0 0 -1 0
111 285 Rg-285   265639.549  7   2.098027   265574.078   0.0246 -0 +1 +2 -9 +11                          | -1 1 1 0 0 0 0 0 0 -1 0 1 0 0 0
111 286 Rg-286   266573.823  6   8.423384   266563.848   0.0037 +11 +12                                  | 0 0 0 0 0 0 0 0 0 0 0 1 1 0 0
112 287 Cn-287   267508.177  7   2.113023   267472.281   0.0134 +1 +6                                    | 0 1 0 0 0 0 1 0 0 0 0 0 0 0 0
112 288 Cn-288   268441.232  7   2.122286   268644.875   0.0759 -0 +1 +6 -7 +8                           | -1 1 0 0 0 0 1 -1 1 0 0 0 0 0 0
113 289 Nh-289   269377.346  8   0.531932   269333.606   0.0162 -4 -8 -10 +14                            | 0 0 0 0 -1 0 0 0 -1 0 -1 0 0 0 1
113 290 Nh-290   270311.605  7   2.135882   270365.889   0.0201 +1 +3 -5 -6 +7 +9                        | 0 1 0 1 0 -1 -1 1 0 1 0 0 0 0 0
114 291 Fl-291   271246.284  7   2.143066   271275.286   0.0107 -4 -8 +11 +12 +13 -14                    | 0 0 0 0 -1 0 0 0 -1 0 0 1 1 1 -1
115 292 Mc-292   272182.878  7   2.150422   272206.396   0.0086 +3 +5 -10 -12 +14                        | 0 0 0 1 0 1 0 0 0 0 -1 0 -1 0 1
116 293 Lv-293   273118.340  8   0.539424   273127.099   0.0032 +5 -8 -9 +10 -12 +13                     | 0 0 0 0 0 1 0 0 -1 -1 1 0 -1 1 0
117 294 Ts-294   274055.662  9   0.135302   274030.322   0.0092 +0 -1 -2 -3 -4 +10                       | 1 -1 -1 -1 -1 0 0 0 0 0 1 0 0 0 0
118 295 Og-295   274992.129  7   2.171881   274922.703   0.0252 -1 +3 +7 +8 -9                           | 0 -1 0 1 0 0 0 1 1 -1 0 0 0 0 0
