         0,066136959 0,28175138 0,555869353 0,868248673 1,504114125 1,725183114 1,831271203 2,01742448 2,092834951 2,524926754 3,279177783 3,851497776 4,571886169 4,72473915 7,408061012 
      7,726   Eps_0 Eps_1 Eps_2 Eps_3 Eps_4 Eps_5 Eps_6 Eps_7 Eps_8 Eps_9 Eps_10 Eps_11 Eps_12 Eps_13 Eps_14 
      1 2 4 -1 -1 -1 0 -1 -1 -1 1 1 1 -1 -1 0 0 1 7501,9722382377
      1 3 3 -1 -1 1 0 -1 1 -1 0 -1 -1 1 1 1 0 0 
      1 4 4 -1 -1 1 0 -1 1 0 1 1 1 -1 0 -1 -1 1 
      1 5 4 -1 -1 1 -1 1 0 1 1 1 -1 0 0 -1 -1 1 
      1 6 4 -1 0 -1 0 0 -1 1 0 -1 -1 -1 1 0 0 1 
      1 7 5 -1 0 -1 -1 0 0 0 0 -1 1 0 0 1 1 -1 
      2 8 4 -1 0 0 0 0 0 0 0 0 0 0 1 0 0 0 
      2 9 5 -1 -1 -1 -1 -1 -1 -1 -1 1 1 -1 1 0 1 0 
      2 10 5 -1 -1 0 1 0 1 1 -1 1 -1 -1 0 -1 0 1 
      3 11 4 -1 -1 -1 1 0 1 1 -1 1 -1 -1 0 0 0 1 
      3 12 4 -1 -1 1 0 -1 1 -1 0 -1 -1 1 1 1 0 0 
      3 13 8 -1 0 0 -1 0 1 1 0 1 -1 1 1 -1 -1 0 
      4 14 5 -1 -1 1 0 0 0 0 0 0 0 -1 0 0 1 0 
      4 15 6 -1 -1 0 1 0 -1 -1 -1 1 0 0 -1 1 -1 1 
      4 16 5 -1 -1 -1 0 1 -1 1 0 0 -1 0 -1 -1 1 1 
      5 17 5 -1 1 -1 0 0 1 1 0 -1 -1 -1 1 -1 0 1 
      5 18 5 -1 1 1 1 -1 0 -1 1 0 1 0 1 -1 0 0 
      5 19 6 0 -1 0 -1 -1 0 0 0 0 -1 0 1 1 1 -1 
      5 20 6 -1 -1 0 -1 1 0 1 -1 1 1 1 0 0 0 -1 
      5 21 5 -1 -1 1 -1 0 0 1 0 -1 0 0 -1 1 -1 1 
      6 22 6 -1 0 0 0 -1 0 -1 -1 1 0 -1 0 1 -1 1 
      6 23 6 -1 -1 1 1 -1 -1 0 -1 0 0 -1 -1 1 0 1 
      7 24 7 -1 -1 -1 0 0 1 1 1 -1 -1 -1 -1 1 -1 1 
      7 25 5 -1 -1 0 1 0 -1 -1 1 0 1 -1 0 0 1 0 
      8 26 5 -1 -1 1 1 -1 -1 1 0 -1 -1 1 0 0 1 0 
      8 27 5 -1 -1 0 -1 0 1 -1 -1 0 1 1 -1 1 0 0 
      8 28 5 -1 -1 -1 -1 -1 1 -1 -1 0 0 -1 0 1 0 1 
      9 29 5 -1 -1 1 1 0 0 -1 0 1 1 -1 0 -1 0 1 
      9 30 7 -1 0 -1 0 -1 1 1 0 -1 -1 -1 1 -1 0 1 
      9 31 5 -1 1 1 -1 1 1 0 -1 -1 1 1 -1 0 -1 1 
      10 32 5 -1 -1 0 -1 0 -1 -1 0 0 1 -1 0 1 1 0 
      10 33 5 -1 0 -1 0 0 1 1 1 -1 -1 0 -1 0 0 1 
      10 34 5 -1 0 0 -1 1 0 -1 1 0 1 -1 1 -1 1 0 
      11 35 5 -1 0 1 -1 -1 -1 -1 1 1 -1 -1 1 0 0 1 
      11 36 6 -1 0 0 0 -1 1 1 0 -1 0 0 1 0 1 -1 
      11 37 5 -1 -1 0 -1 0 -1 -1 1 -1 1 0 1 -1 0 1 
      11 38 5 -1 -1 0 -1 -1 1 1 0 -1 0 0 1 1 1 -1 
      11 39 6 -1 -1 -1 -1 0 0 1 -1 1 0 0 1 1 0 -1 
      12 40 5 -1 0 0 -1 0 1 0 1 -1 0 0 1 -1 1 0 
      12 41 6 -1 -1 0 1 -1 0 -1 -1 -1 0 -1 1 -1 1 1 
      13 42 6 -1 0 0 0 1 -1 -1 1 1 1 -1 0 0 0 0 
      13 43 6 -1 -1 0 0 1 0 0 1 1 0 -1 1 -1 0 0 
      14 44 5 -1 -1 1 0 0 0 -1 0 0 1 -1 0 -1 1 1 
      14 45 6 -1 -1 1 0 1 0 -1 0 0 0 -1 0 0 1 0 
      15 46 6 -1 -1 -1 0 1 -1 1 -1 -1 -1 1 1 -1 1 0 
      15 47 7 -1 -1 -1 1 -1 0 1 1 0 0 0 -1 1 1 -1 
      16 48 6 -1 -1 -1 -1 -1 1 1 1 -1 1 -1 1 -1 -1 1 
      16 49 7 -1 1 0 0 -1 1 1 1 1 0 1 0 -1 -1 0 
      17 50 7 -1 0 0 -1 1 -1 -1 -1 1 0 1 0 0 0 0 
      17 51 5 -1 0 -1 -1 -1 -1 0 -1 1 1 0 -1 1 0 1 
      17 52 6 -1 -1 0 1 1 1 0 1 1 1 1 0 0 -1 -1 
      18 53 6 -1 -1 -1 1 1 1 1 -1 1 -1 0 -1 -1 0 1 
      18 54 6 -1 0 0 -1 1 1 1 1 -1 0 1 -1 -1 -1 1 
      19 55 6 -1 -1 -1 1 1 1 0 -1 0 0 1 0 1 0 -1 
      19 56 6 -1 -1 -1 1 1 0 1 0 0 -1 0 -1 0 1 0 
      19 57 6 -1 -1 0 -1 -1 0 1 1 -1 -1 1 0 1 1 -1 
      19 58 7 -1 -1 0 1 0 -1 -1 1 0 0 -1 0 0 1 0 
      19 59 7 -1 0 -1 -1 -1 -1 1 1 -1 1 0 -1 0 1 0 
      20 60 5 -1 -1 0 1 -1 0 1 -1 -1 -1 0 -1 1 1 1 
      20 61 5 -1 -1 0 1 -1 -1 1 -1 0 1 0 0 -1 1 1 
      21 62 6 -1 0 0 0 0 0 -1 -1 0 0 0 1 1 1 -1 
      21 63 8 -1 0 -1 -1 -1 -1 0 1 1 0 -1 1 -1 1 0 
      22 64 6 -1 0 -1 -1 0 -1 0 -1 -1 1 1 -1 1 -1 1 
      22 65 6 -1 -1 0 1 0 0 0 1 1 1 -1 -1 1 1 -1 
      23 66 6 -1 1 -1 1 0 1 1 -1 0 0 1 1 -1 1 -1 
      23 67 7 -1 0 -1 -1 0 -1 1 1 -1 1 1 -1 0 0 0 
      24 68 5 -1 0 -1 0 0 0 1 0 -1 -1 0 1 -1 1 1 
      24 69 7 -1 0 -1 0 0 0 1 -1 -1 0 -1 1 -1 0 1 
      24 70 6 -1 -1 1 0 -1 -1 -1 1 1 1 -1 -1 0 0 1 
      25 71 5 -1 0 0 -1 1 1 1 -1 1 0 1 -1 0 1 0 
      25 72 5 -1 -1 1 -1 -1 0 1 1 1 1 -1 -1 1 1 0 
      25 73 5 -1 -1 -1 0 1 1 0 -1 0 0 0 -1 0 1 1 
      26 74 5 -1 -1 0 1 0 -1 1 0 -1 -1 -1 1 0 1 1 
      26 75 5 -1 0 -1 1 1 -1 -1 0 1 1 -1 0 1 1 0 
      26 76 7 -1 0 0 0 1 -1 -1 0 0 1 0 0 -1 1 0 
      27 77 7 -1 1 1 -1 1 -1 0 0 1 -1 1 -1 1 1 -1 
      27 78 6 -1 -1 1 -1 -1 1 1 0 0 -1 1 0 -1 1 0 
      28 79 5 -1 0 -1 0 0 0 1 0 -1 -1 -1 1 0 1 1 
      28 80 6 -1 -1 -1 0 0 0 1 1 1 0 0 0 0 1 -1 
      28 81 6 -1 -1 1 1 0 0 0 1 1 -1 1 1 0 0 -1 
      28 82 6 -1 -1 -1 1 1 -1 -1 0 1 0 1 1 0 -1 0 
      29 83 6 -1 0 0 -1 0 -1 0 -1 -1 1 0 1 -1 0 1 
      29 84 6 -1 -1 -1 -1 0 0 -1 1 1 0 0 1 -1 -1 1 
      30 85 7 -1 0 1 -1 0 -1 0 0 1 1 0 0 -1 -1 1 
      30 86 7 -1 -1 1 0 1 0 0 0 0 -1 -1 0 0 1 0 
      31 87 6 -1 -1 1 1 1 -1 0 -1 1 -1 1 -1 0 1 0 
      31 88 6 -1 -1 0 1 1 1 -1 1 1 1 -1 0 0 1 -1 
      32 89 6 -1 0 -1 0 -1 1 0 -1 1 1 -1 1 1 -1 0 
      32 90 6 -1 -1 -1 1 0 1 -1 0 -1 -1 0 0 0 0 1 
      33 91 6 -1 -1 1 0 -1 1 -1 -1 1 0 0 1 -1 1 0 
      33 92 6 -1 0 -1 0 0 0 1 -1 -1 -1 -1 1 -1 1 1 
      34 93 6 -1 -1 -1 -1 1 0 -1 1 1 0 -1 1 -1 1 0 
      34 94 7 -1 -1 1 -1 1 -1 1 -1 -1 0 0 1 0 0 0 
      34 95 6 -1 -1 1 1 1 1 -1 0 1 1 -1 -1 -1 0 1 
      35 96 6 -1 0 0 0 -1 1 0 1 1 0 1 0 0 -1 0 
      35 97 6 -1 -1 1 0 0 1 0 0 1 1 0 -1 -1 1 0 
      35 98 6 -1 -1 0 0 1 1 0 0 -1 1 1 1 1 -1 -1 
      36 99 6 -1 -1 1 0 -1 1 0 1 -1 0 1 1 -1 0 0 
      36 100 7 -1 -1 0 -1 -1 1 1 -1 -1 -1 0 1 0 -1 1 
      36 101 6 -1 -1 -1 0 1 0 0 0 -1 -1 1 -1 -1 1 1 
      37 102 6 -1 0 -1 0 0 -1 1 0 -1 -1 -1 1 -1 1 1 
      37 103 6 -1 -1 0 0 1 0 0 -1 1 1 1 -1 1 -1 0 
      37 104 6 -1 -1 0 1 -1 -1 1 -1 0 1 1 0 -1 1 0 
      38 105 6 -1 -1 0 -1 0 -1 1 0 1 1 1 -1 -1 1 0 
      38 106 6 -1 -1 0 0 0 -1 -1 1 -1 1 0 0 1 0 0 
      38 107 7 -1 -1 1 0 1 -1 0 0 1 0 1 0 -1 0 0 
      39 108 6 -1 -1 0 -1 0 0 -1 0 1 0 -1 0 0 0 1 
      39 109 5 1 -1 1 1 1 0 1 0 -1 1 1 0 1 0 0 
      40 110 6 -1 -1 0 0 0 1 0 1 1 -1 -1 -1 0 0 1 
      40 111 8 -1 -1 1 0 1 0 -1 0 1 1 -1 -1 -1 0 1 
      40 112 6 -1 -1 1 0 1 -1 0 -1 0 -1 1 0 1 0 0 
      40 113 7 -1 -1 -1 1 -1 0 0 0 -1 -1 1 -1 -1 1 1 
      41 114 6 -1 0 -1 -1 -1 1 0 -1 -1 -1 0 1 0 0 1 
      41 115 6 -1 -1 -1 0 1 0 0 1 1 1 0 -1 0 0 0 
      41 116 8 -1 -1 1 1 -1 0 1 -1 -1 -1 0 -1 1 1 0 
      42 117 6 -1 1 0 1 1 0 -1 0 0 0 0 0 0 -1 1 
      42 118 6 -1 0 0 -1 -1 1 1 0 -1 0 1 1 0 1 -1 
      42 119 7 -1 -1 1 0 0 1 0 1 1 0 -1 0 -1 -1 1 
      43 120 6 -1 -1 -1 1 1 1 0 -1 -1 0 1 1 0 1 -1 
      43 121 6 -1 -1 1 -1 -1 0 -1 -1 0 0 -1 -1 1 1 1 
      43 122 6 -1 -1 1 -1 -1 1 -1 1 0 1 1 -1 1 1 -1 
      44 123 6 -1 0 -1 0 1 0 1 0 1 1 0 1 1 -1 -1 
      44 124 6 -1 -1 1 1 -1 -1 0 0 1 0 0 -1 -1 1 1 
      44 125 6 -1 -1 -1 1 -1 1 0 0 0 -1 -1 0 1 1 0 
      45 126 6 -1 -1 -1 0 1 1 0 -1 0 1 0 -1 0 1 0 
      45 127 7 -1 -1 0 0 -1 1 0 0 1 1 0 1 0 0 -1 
      45 128 7 -1 -1 -1 -1 1 -1 1 -1 0 1 1 0 0 1 -1 
      46 129 7 -1 -1 -1 0 -1 -1 -1 1 1 1 -1 -1 0 0 1 
      46 130 6 -1 -1 0 0 -1 0 1 1 1 -1 1 -1 -1 0 1 
      46 131 7 -1 -1 1 -1 -1 -1 0 1 0 0 0 0 -1 0 1 
      47 132 6 -1 0 -1 1 1 -1 1 -1 1 1 1 -1 0 0 0 
      47 133 7 -1 -1 0 -1 -1 -1 -1 0 0 0 0 0 1 -1 1 
      48 134 6 -1 -1 1 0 -1 1 0 1 1 0 -1 0 0 -1 1 
      48 135 8 -1 1 0 1 1 -1 0 1 1 0 0 0 0 -1 0 
      49 136 7 -1 -1 1 0 -1 0 0 1 -1 1 0 0 1 -1 0 
      49 137 6 -1 -1 -1 1 -1 0 1 -1 -1 0 1 0 1 0 0 
      50 138 8 -1 -1 0 0 -1 1 -1 0 1 1 -1 -1 0 1 0 
      50 139 7 -1 -1 -1 -1 -1 1 0 1 -1 1 -1 -1 1 -1 1 
      50 140 7 -1 -1 0 0 -1 0 -1 1 -1 1 1 -1 -1 0 1 
      51 141 6 -1 -1 -1 -1 0 0 -1 -1 -1 -1 1 1 1 -1 1 
      51 142 7 -1 -1 1 -1 1 1 1 1 -1 0 -1 0 0 0 0 
      52 143 10 -1 -1 0 1 -1 0 1 -1 -1 0 1 0 0 0 0 
      52 144 6 -1 -1 -1 -1 -1 1 0 0 1 0 0 1 1 -1 0 
      52 145 7 -1 -1 1 -1 0 1 0 0 -1 1 1 1 1 -1 -1 
      53 146 9 -1 1 1 -1 0 -1 -1 0 1 -1 1 -1 0 1 0 
      53 147 6 -1 -1 -1 1 -1 1 -1 -1 1 -1 0 1 1 0 0 
      54 148 6 -1 -1 0 1 -1 -1 1 -1 0 1 0 0 0 1 0 
      54 149 8 -1 -1 0 0 0 0 1 0 -1 -1 -1 1 -1 0 1 
      54 150 6 -1 -1 -1 0 -1 -1 1 -1 0 -1 0 1 0 0 1 
      55 151 6 -1 -1 -1 0 0 0 1 0 -1 -1 -1 1 -1 1 1 
      55 152 6 -1 -1 1 1 -1 1 1 0 -1 -1 1 0 0 -1 1 
      56 153 6 -1 0 1 0 1 0 1 1 1 0 -1 0 1 -1 0 
      56 154 8 -1 0 -1 1 -1 -1 -1 -1 -1 1 1 -1 1 -1 1 
      57 155 7 -1 -1 1 0 1 0 0 -1 0 0 -1 0 0 1 0 
      57 156 6 -1 0 -1 0 0 1 -1 -1 1 0 1 1 -1 -1 1 
      57 157 6 -1 0 -1 -1 0 -1 1 -1 1 1 0 -1 1 -1 1 
      58 158 6 -1 -1 -1 1 -1 1 0 0 0 -1 1 -1 -1 1 1 
      58 159 6 -1 0 0 0 -1 1 0 -1 1 0 1 1 0 1 -1 
      59 160 7 -1 -1 0 0 1 0 -1 -1 -1 0 1 0 0 -1 1 
      59 161 7 -1 -1 0 1 0 1 1 -1 1 -1 -1 0 -1 0 1 
      60 162 6 -1 -1 0 -1 -1 -1 -1 -1 0 1 1 0 1 -1 1 
      60 163 8 -1 -1 0 0 0 0 -1 0 -1 0 0 0 1 0 0 
      61 164 9 -1 0 -1 0 0 0 1 -1 0 -1 -1 1 -1 0 1 
      61 165 6 -1 -1 1 -1 -1 1 1 -1 0 -1 1 0 0 1 0 
      62 166 6 -1 0 0 1 -1 -1 -1 0 1 -1 -1 -1 1 1 1 
      62 167 6 -1 0 1 -1 0 -1 0 -1 0 -1 1 -1 0 1 1 
      62 168 6 -1 -1 1 1 -1 1 1 0 1 0 1 1 0 0 -1 
      63 169 6 -1 1 -1 0 -1 -1 0 1 0 1 1 -1 1 0 0 
      63 170 6 -1 -1 0 -1 1 0 -1 0 -1 1 1 0 -1 0 1 
      64 171 6 -1 -1 -1 0 1 1 0 -1 0 0 0 0 0 1 0 
      64 172 6 -1 -1 1 0 0 -1 -1 0 -1 1 -1 1 0 0 1 
      65 173 7 -1 -1 -1 0 1 0 0 -1 1 0 1 0 0 1 -1 
      65 174 6 -1 -1 0 -1 1 -1 1 0 -1 1 1 1 1 0 -1 
      66 175 7 -1 0 1 0 1 1 0 -1 0 -1 1 -1 0 -1 1 
      66 176 6 -1 0 0 -1 0 0 -1 1 0 1 0 -1 1 -1 1 
      67 177 7 -1 0 -1 1 1 -1 -1 0 1 0 0 1 1 0 -1 
      67 178 6 -1 -1 -1 -1 1 -1 1 -1 1 -1 1 0 1 0 0 
      68 179 7 -1 -1 0 0 0 -1 0 1 1 0 0 1 -1 0 0 
      68 180 7 -1 0 -1 0 -1 1 -1 0 0 0 0 -1 0 0 1 
      69 181 7 -1 0 0 1 -1 0 1 1 -1 0 -1 -1 0 0 1 
      69 182 6 -1 -1 0 0 -1 -1 -1 1 1 1 -1 0 0 0 1 
      70 183 6 -1 -1 0 -1 -1 0 1 1 1 0 -1 -1 1 1 0 
      70 184 9 -1 -1 0 1 1 -1 -1 0 -1 0 0 -1 -1 1 1 
      70 185 6 -1 0 -1 1 0 0 1 0 -1 -1 -1 1 0 0 1 
      71 186 7 -1 1 -1 -1 -1 1 -1 0 1 1 1 1 1 -1 -1 
      71 187 6 -1 -1 0 1 1 0 0 -1 1 0 -1 1 -1 0 1 
      71 188 7 -1 -1 0 1 -1 1 1 -1 -1 -1 0 -1 1 1 0 
      72 189 7 -1 -1 -1 -1 1 -1 1 1 1 0 -1 -1 1 0 0 
      72 190 6 -1 -1 -1 -1 0 0 -1 -1 -1 -1 0 1 1 0 1 
      73 191 6 -1 -1 1 0 -1 1 0 0 -1 0 1 1 -1 1 0 
      73 192 6 -1 -1 -1 -1 -1 1 1 1 -1 0 0 -1 1 1 0 
      73 193 6 -1 -1 1 0 -1 1 -1 0 -1 -1 1 1 1 0 0 
      73 194 8 -1 -1 -1 -1 -1 1 -1 -1 0 -1 0 -1 0 1 1 
      74 195 7 -1 -1 1 -1 0 0 0 0 0 1 1 1 1 -1 -1 
      74 196 7 -1 -1 0 0 0 0 -1 1 0 -1 -1 0 0 0 1 
      74 197 6 -1 0 1 0 -1 1 1 0 0 0 -1 1 0 -1 1 
      75 198 6 -1 0 -1 -1 -1 -1 1 0 -1 1 0 -1 0 1 1 
      75 199 7 -1 1 -1 0 0 -1 -1 0 0 1 0 0 -1 0 1 
      76 200 8 -1 0 0 -1 1 -1 -1 -1 1 0 1 0 0 0 0 
      76 201 7 -1 0 -1 1 0 1 1 1 -1 -1 -1 -1 0 0 1 
      76 202 8 -1 -1 0 -1 0 -1 -1 0 0 0 -1 1 1 0 0 
      76 203 7 -1 -1 1 0 -1 1 1 0 -1 -1 0 1 0 0 0 
      77 204 8 -1 -1 0 -1 -1 1 0 1 -1 0 -1 0 0 1 0 
      77 205 6 -1 1 1 -1 1 1 -1 0 0 -1 0 0 1 -1 1 
      78 206 7 -1 -1 1 -1 -1 -1 -1 0 -1 -1 1 1 0 1 0 
      78 207 7 -1 0 -1 1 1 -1 0 -1 -1 -1 -1 1 -1 1 1 
      78 208 7 -1 -1 0 1 1 1 0 1 1 1 1 0 0 -1 -1 
      79 209 10 -1 0 0 -1 0 1 1 0 1 -1 1 1 -1 -1 0 
      79 210 8 -1 -1 0 1 -1 0 0 1 -1 0 -1 0 0 1 0 
      80 211 6 -1 0 0 0 1 -1 1 1 0 1 -1 -1 1 -1 1 
      80 212 7 -1 -1 -1 1 1 1 1 -1 1 -1 0 -1 -1 0 1 
      80 213 6 -1 -1 1 1 1 1 1 1 1 0 1 0 -1 1 -1 
      80 214 7 -1 0 -1 -1 -1 0 1 1 0 0 0 -1 1 0 0 
      80 215 7 -1 0 -1 -1 -1 -1 -1 0 0 0 -1 1 -1 1 1 
      80 216 7 -1 0 -1 1 -1 -1 -1 -1 1 -1 -1 0 0 1 1 
      81 217 7 -1 -1 1 1 0 -1 -1 1 -1 0 1 -1 0 1 0 
      81 218 6 -1 -1 -1 1 1 0 -1 1 0 -1 1 1 -1 1 0 
      82 219 6 -1 -1 -1 -1 0 -1 0 0 1 0 1 0 1 0 0 
      82 220 7 -1 -1 -1 1 1 1 0 -1 0 0 1 0 1 0 -1 
      83 221 6 -1 -1 -1 -1 -1 0 -1 0 1 1 1 -1 -1 1 1 
      83 222 8 -1 -1 0 -1 0 1 0 -1 -1 -1 0 1 0 -1 1 
      83 223 6 -1 -1 0 -1 1 -1 1 0 -1 1 0 1 1 1 -1 
      83 224 7 -1 -1 0 -1 0 0 1 -1 -1 0 -1 1 1 0 0 
      84 225 6 -1 -1 1 -1 -1 0 0 -1 0 1 0 -1 0 1 1 
      84 226 6 -1 0 0 0 1 -1 1 -1 -1 1 0 1 -1 0 1 
      84 227 6 -1 -1 0 -1 0 0 0 -1 1 1 -1 1 0 1 0 
      85 228 7 -1 -1 0 -1 -1 0 1 1 -1 -1 1 0 1 1 -1 
      85 229 6 -1 0 -1 0 0 0 1 1 -1 -1 -1 1 -1 1 1 
      86 230 7 -1 1 -1 1 1 0 1 -1 0 0 0 0 1 -1 0 
      86 231 6 -1 -1 0 1 0 0 0 1 1 0 -1 -1 1 1 0 
      87 232 8 -1 -1 0 1 0 -1 -1 1 0 0 -1 0 0 1 0 
      87 233 9 -1 -1 -1 -1 -1 -1 1 0 1 -1 0 -1 -1 1 1 
      88 234 7 -1 -1 -1 1 -1 0 -1 1 -1 0 1 0 1 1 -1 
      88 235 7 -1 -1 -1 -1 -1 -1 0 1 -1 1 -1 0 -1 1 1 
      89 236 7 -1 -1 0 0 1 1 0 -1 0 0 0 -1 0 1 0 
      89 237 6 -1 -1 1 0 0 1 0 0 1 1 -1 -1 -1 1 1 
      90 238 6 -1 -1 1 0 1 0 0 0 0 0 -1 1 0 1 0 
      90 239 7 -1 -1 1 -1 0 -1 0 1 1 -1 1 1 -1 0 0 
      91 240 6 -1 -1 0 1 -1 0 1 -1 -1 -1 0 -1 1 1 1 
      91 241 6 -1 0 -1 0 0 0 1 0 -1 0 -1 1 0 0 1 
      92 242 6 -1 -1 1 0 -1 0 1 1 0 0 0 0 1 0 0 
      92 243 6 0 -1 -1 -1 -1 0 -1 1 0 -1 -1 1 0 1 1 
      93 244 6 -1 -1 0 1 -1 -1 1 -1 0 1 0 0 -1 1 1 
      93 245 6 -1 1 -1 1 0 -1 1 0 1 1 0 1 -1 -1 1 
      94 246 7 -1 -1 -1 0 0 0 1 0 0 -1 -1 1 -1 0 1 
      94 247 6 -1 -1 -1 -1 1 1 0 -1 1 0 0 1 1 1 -1 
      95 248 6 -1 -1 -1 1 1 0 0 -1 0 0 1 0 1 0 0 
      95 249 6 -1 -1 -1 -1 -1 0 1 -1 1 0 -1 0 1 0 1 
      96 250 7 -1 -1 0 1 1 1 -1 1 0 -1 -1 -1 -1 1 1 
      96 251 7 -1 -1 -1 1 -1 -1 -1 0 -1 -1 1 -1 0 1 1 
      96 252 9 -1 0 -1 -1 -1 -1 0 1 1 0 -1 1 -1 1 0 
      97 253 9 -1 -1 -1 0 0 1 1 1 -1 0 1 -1 -1 -1 1 
      97 254 6 -1 -1 0 1 -1 0 0 1 -1 1 -1 0 1 1 0 
      98 255 7 -1 -1 0 0 -1 0 1 1 0 -1 1 1 0 -1 0 
      98 256 6 -1 -1 0 -1 1 -1 1 -1 -1 0 0 1 0 0 1 
      99 257 7 -1 -1 1 -1 -1 0 -1 0 -1 0 -1 1 0 0 1 
      99 258 7 -1 -1 -1 1 -1 -1 1 1 -1 0 -1 1 -1 0 1 
      100 259 6 -1 1 -1 1 0 0 1 -1 0 0 1 1 -1 1 0 
      100 260 7 -1 -1 0 1 0 0 0 1 1 1 -1 -1 1 1 -1 
      101 261 7 -1 -1 0 -1 0 1 1 0 0 0 1 -1 -1 1 0 
      101 262 6 -1 -1 0 0 1 -1 -1 -1 -1 1 1 1 1 0 0 
      102 263 7 -1 -1 -1 0 -1 1 0 1 0 -1 1 0 1 -1 0 
      102 264 6 -1 -1 0 1 1 1 -1 -1 1 1 -1 1 0 -1 1 
      103 265 7 -1 -1 1 -1 1 1 0 -1 -1 -1 -1 0 1 1 0 
      103 266 6 -1 -1 0 -1 0 1 0 1 1 -1 0 1 1 1 -1 
      104 267 6 -1 -1 -1 0 1 0 0 0 1 0 1 0 1 1 -1 
      104 268 8 -1 -1 1 -1 -1 0 -1 -1 1 1 0 0 1 1 -1 
      105 269 8 -1 -1 -1 1 1 -1 1 1 0 -1 1 -1 0 0 0 
      105 270 7 -1 0 1 0 -1 -1 -1 -1 0 0 0 1 0 1 0 
      106 271 7 -1 -1 0 0 -1 0 -1 -1 1 -1 0 -1 1 0 1 
      106 272 7 -1 0 -1 1 -1 -1 -1 0 1 0 0 0 0 1 0 
      106 273 7 -1 0 0 0 1 -1 1 0 -1 0 1 1 -1 0 0 
      107 274 7 -1 0 -1 0 0 0 1 1 -1 -1 -1 1 -1 0 1 
      107 275 7 -1 -1 0 -1 -1 -1 0 -1 0 1 1 0 0 -1 1 
      107 276 8 -1 -1 0 -1 0 1 1 1 -1 1 1 0 1 -1 -1 
      107 277 8 -1 0 -1 -1 -1 -1 1 0 0 1 0 -1 0 1 0 
      107 278 7 -1 0 0 1 1 0 1 -1 1 0 1 1 -1 -1 0 
      108 279 8 -1 0 -1 0 -1 0 1 1 -1 -1 -1 1 -1 0 1 
      108 280 6 -1 1 1 -1 1 1 -1 1 1 0 0 0 -1 0 1 
      109 281 6 -1 0 0 -1 0 1 0 1 -1 0 0 0 -1 1 1 
      109 282 7 -1 0 -1 1 1 1 -1 0 -1 1 0 0 0 0 0 
      110 283 7 -1 -1 0 -1 -1 1 0 1 1 1 0 1 0 0 -1 
      110 284 7 -1 1 -1 0 0 0 -1 1 1 0 0 0 -1 1 0 
      111 285 7 -1 0 -1 -1 -1 -1 0 0 1 0 0 0 0 1 0 
      111 286 6 -1 1 1 1 -1 1 -1 1 0 1 0 1 0 0 0 
      112 287 7 -1 0 0 -1 1 1 -1 1 1 0 1 -1 -1 -1 1 
      112 288 7 -1 -1 1 1 0 0 1 -1 0 1 1 0 -1 0 0 
      113 289 8 -1 0 1 -1 1 -1 1 1 0 1 -1 -1 1 1 -1 
      113 290 7 -1 0 0 1 1 -1 0 -1 1 -1 0 1 -1 1 0 
      114 291 7 -1 -1 -1 1 1 0 1 -1 1 -1 -1 0 1 0 0 
      115 292 7 -1 -1 0 -1 1 -1 1 1 0 -1 1 -1 -1 0 1 
      116 293 8 -1 0 -1 -1 -1 -1 1 -1 0 0 0 -1 1 1 0 
      117 294 9 -1 -1 0 -1 1 -1 1 -1 -1 0 0 1 0 0 0 
      118 295 7 -1 0 0 1 1 1 1 -1 -1 0 -1 1 1 -1 0 
